# z=13.0: redshift
# eps=0.6: maximum star formation efficiency for FFB
# -----
# MUV, Phi=dN/dMUV [cMpc^-3 Mag^-1]
#   [none, disc, shell], extinction models: no dust, disc mode, or shell mode
#     extinction for shell mode is stronger that for disc mode, see details in Li, Dekel+23
    MUV   Phi[none]   Phi[disc]   Phi[shell]  
  -12.0   4.846e-02   4.806e-02    4.806e-02  
  -12.1   4.457e-02   4.418e-02    4.418e-02  
  -12.2   4.099e-02   4.061e-02    4.061e-02  
  -12.3   3.770e-02   3.733e-02    3.733e-02  
  -12.4   3.467e-02   3.431e-02    3.431e-02  
  -12.5   3.188e-02   3.153e-02    3.153e-02  
  -12.6   2.932e-02   2.898e-02    2.898e-02  
  -12.7   2.696e-02   2.663e-02    2.663e-02  
  -12.8   2.479e-02   2.447e-02    2.447e-02  
  -12.9   2.279e-02   2.249e-02    2.249e-02  
  -13.0   2.096e-02   2.067e-02    2.067e-02  
  -13.1   1.927e-02   1.899e-02    1.899e-02  
  -13.2   1.773e-02   1.745e-02    1.745e-02  
  -13.3   1.630e-02   1.604e-02    1.604e-02  
  -13.4   1.499e-02   1.474e-02    1.474e-02  
  -13.5   1.379e-02   1.354e-02    1.354e-02  
  -13.6   1.269e-02   1.245e-02    1.245e-02  
  -13.7   1.167e-02   1.144e-02    1.144e-02  
  -13.8   1.074e-02   1.052e-02    1.052e-02  
  -13.9   9.882e-03   9.666e-03    9.666e-03  
  -14.0   9.094e-03   8.885e-03    8.885e-03  
  -14.1   8.370e-03   8.168e-03    8.169e-03  
  -14.2   7.705e-03   7.510e-03    7.510e-03  
  -14.3   7.093e-03   6.905e-03    6.905e-03  
  -14.4   6.531e-03   6.349e-03    6.349e-03  
  -14.5   6.014e-03   5.838e-03    5.839e-03  
  -14.6   5.539e-03   5.369e-03    5.370e-03  
  -14.7   5.102e-03   4.938e-03    4.938e-03  
  -14.8   4.700e-03   4.542e-03    4.542e-03  
  -14.9   4.331e-03   4.178e-03    4.178e-03  
  -15.0   3.991e-03   3.843e-03    3.843e-03  
  -15.1   3.678e-03   3.535e-03    3.535e-03  
  -15.2   3.390e-03   3.252e-03    3.252e-03  
  -15.3   3.126e-03   2.992e-03    2.992e-03  
  -15.4   2.882e-03   2.752e-03    2.753e-03  
  -15.5   2.657e-03   2.532e-03    2.532e-03  
  -15.6   2.451e-03   2.329e-03    2.330e-03  
  -15.7   2.260e-03   2.143e-03    2.144e-03  
  -15.8   2.085e-03   1.972e-03    1.972e-03  
  -15.9   1.923e-03   1.814e-03    1.814e-03  
  -16.0   1.774e-03   1.668e-03    1.669e-03  
  -16.1   1.637e-03   1.535e-03    1.535e-03  
  -16.2   1.510e-03   1.411e-03    1.412e-03  
  -16.3   1.394e-03   1.298e-03    1.299e-03  
  -16.4   1.286e-03   1.194e-03    1.194e-03  
  -16.5   1.187e-03   1.098e-03    1.098e-03  
  -16.6   1.095e-03   1.009e-03    1.010e-03  
  -16.7   1.011e-03   9.273e-04    9.280e-04  
  -16.8   9.328e-04   8.522e-04    8.529e-04  
  -16.9   8.609e-04   7.829e-04    7.837e-04  
  -17.0   7.944e-04   7.192e-04    7.200e-04  
  -17.1   7.331e-04   6.604e-04    6.612e-04  
  -17.2   6.764e-04   6.063e-04    6.071e-04  
  -17.3   6.241e-04   5.564e-04    5.573e-04  
  -17.4   5.758e-04   5.104e-04    5.114e-04  
  -17.5   5.311e-04   4.681e-04    4.691e-04  
  -17.6   4.899e-04   4.291e-04    4.301e-04  
  -17.7   4.518e-04   3.932e-04    3.942e-04  
  -17.8   4.165e-04   3.601e-04    3.612e-04  
  -17.9   3.840e-04   3.296e-04    3.307e-04  
  -18.0   3.539e-04   3.016e-04    3.027e-04  
  -18.1   3.261e-04   2.757e-04    2.769e-04  
  -18.2   3.003e-04   2.519e-04    2.531e-04  
  -18.3   2.765e-04   2.300e-04    2.312e-04  
  -18.4   2.545e-04   2.099e-04    2.111e-04  
  -18.5   2.342e-04   1.913e-04    1.925e-04  
  -18.6   2.153e-04   1.742e-04    1.754e-04  
  -18.7   1.979e-04   1.585e-04    1.596e-04  
  -18.8   1.818e-04   1.441e-04    1.451e-04  
  -18.9   1.668e-04   1.308e-04    1.317e-04  
  -19.0   1.530e-04   1.185e-04    1.194e-04  
  -19.1   1.402e-04   1.073e-04    1.080e-04  
  -19.2   1.284e-04   9.695e-05    9.746e-05  
  -19.3   1.174e-04   8.745e-05    8.776e-05  
  -19.4   1.073e-04   7.872e-05    7.879e-05  
  -19.5   9.785e-05   7.070e-05    7.052e-05  
  -19.6   8.913e-05   6.335e-05    6.288e-05  
  -19.7   8.106e-05   5.660e-05    5.584e-05  
  -19.8   7.359e-05   5.043e-05    4.936e-05  
  -19.9   6.667e-05   4.478e-05    4.340e-05  
  -20.0   6.028e-05   3.961e-05    3.795e-05  
  -20.1   5.436e-05   3.491e-05    3.298e-05  
  -20.2   4.889e-05   3.063e-05    2.847e-05  
  -20.3   4.385e-05   2.675e-05    2.439e-05  
  -20.4   3.920e-05   2.324e-05    2.074e-05  
  -20.5   3.492e-05   2.009e-05    1.749e-05  
  -20.6   3.099e-05   1.726e-05    1.462e-05  
  -20.7   2.740e-05   1.473e-05    1.210e-05  
  -20.8   2.411e-05   1.249e-05    9.928e-06  
  -20.9   2.112e-05   1.052e-05    8.062e-06  
  -21.0   1.841e-05   8.792e-06    6.479e-06  
  -21.1   1.596e-05   7.289e-06    5.152e-06  
  -21.2   1.376e-05   5.992e-06    4.052e-06  
  -21.3   1.179e-05   4.883e-06    3.152e-06  
  -21.4   1.004e-05   3.943e-06    2.424e-06  
  -21.5   8.493e-06   3.153e-06    1.842e-06  
  -21.6   7.136e-06   2.496e-06    1.384e-06  
  -21.7   5.952e-06   1.955e-06    1.028e-06  
  -21.8   4.928e-06   1.515e-06    7.543e-07  
  -21.9   4.048e-06   1.161e-06    5.468e-07  
  -22.0   3.299e-06   8.797e-07    3.917e-07  
  -22.1   2.666e-06   6.585e-07    2.771e-07  
  -22.2   2.137e-06   4.868e-07    1.936e-07  
  -22.3   1.698e-06   3.554e-07    1.336e-07  
  -22.4   1.337e-06   2.561e-07    9.104e-08  
  -22.5   1.043e-06   1.821e-07    6.125e-08  
  -22.6   8.068e-07   1.278e-07    4.068e-08  
  -22.7   6.181e-07   8.845e-08    2.666e-08  
  -22.8   4.691e-07   6.037e-08    1.725e-08  
  -22.9   3.526e-07   4.063e-08    1.101e-08  
  -23.0   2.625e-07   2.695e-08    6.933e-09  
  -23.1   1.936e-07   1.762e-08    4.307e-09  
  -23.2   1.414e-07   1.136e-08    2.640e-09  
  -23.3   1.023e-07   7.211e-09    1.595e-09  
  -23.4   7.325e-08   4.512e-09    9.510e-10  
  -23.5   5.197e-08   2.781e-09    5.591e-10  
  -23.6   3.652e-08   1.689e-09    3.241e-10  
  -23.7   2.542e-08   1.011e-09    1.853e-10  
  -23.8   1.753e-08   5.955e-10    1.044e-10  
  -23.9   1.198e-08   3.457e-10    5.805e-11  
  -24.0   8.106e-09   1.976e-10    3.181e-11  
  -24.1   5.438e-09   1.113e-10    1.719e-11  
  -24.2   3.615e-09   6.173e-11    9.164e-12  
  -24.3   2.383e-09   3.372e-11    4.816e-12  
  -24.4   1.557e-09   1.814e-11    2.496e-12  
  -24.5   1.009e-09   9.615e-12    1.276e-12  
  -24.6   6.484e-10   5.018e-12    6.429e-13  
  -24.7   4.133e-10   2.579e-12    3.196e-13  
  -24.8   2.613e-10   1.306e-12    1.567e-13  
  -24.9   1.640e-10   6.511e-13    7.576e-14  
  -25.0   1.021e-10   3.198e-13    3.613e-14  
  -25.1   6.307e-11   1.547e-13    1.700e-14  
  -25.2   3.867e-11   7.371e-14    7.886e-15  
  -25.3   2.354e-11   3.460e-14    3.610e-15  
  -25.4   1.422e-11   1.600e-14    1.630e-15  
  -25.5   8.527e-12   7.286e-15    7.260e-16  
  -25.6   5.075e-12   3.269e-15    3.191e-16  
  -25.7   2.998e-12   1.445e-15    1.383e-16  
  -25.8   1.758e-12   6.296e-16    5.918e-17  
  -25.9   1.023e-12   2.702e-16    2.498e-17  
  -26.0   5.910e-13   1.143e-16    1.040e-17  
  -26.1   3.387e-13   4.762e-17    4.276e-18  
  -26.2   1.926e-13   1.956e-17    1.734e-18  
  -26.3   1.087e-13   7.919e-18    6.941e-19  
  -26.4   6.082e-14   3.160e-18    2.742e-19  
  -26.5   3.376e-14   1.243e-18    1.069e-19  
  -26.6   1.859e-14   4.820e-19    4.112e-20  
  -26.7   1.015e-14   1.843e-19    1.562e-20  
  -26.8   5.491e-15   6.947e-20    5.855e-21  
  -26.9   2.946e-15   2.583e-20    2.166e-21  
  -27.0   1.567e-15   9.470e-21    7.914e-22  
  -27.1   8.255e-16   3.425e-21    2.854e-22  
  -27.2   4.310e-16   1.222e-21    1.016e-22  
  -27.3   2.229e-16   4.299e-22    3.570e-23  
  -27.4   1.142e-16   1.493e-22    1.239e-23  
  -27.5   5.794e-17   5.115e-23    4.245e-24  
  -27.6   2.910e-17   1.729e-23    1.436e-24  
  -27.7   1.447e-17   5.770e-24    4.796e-25  
  -27.8   7.120e-18   1.900e-24    1.582e-25  
  -27.9   3.467e-18   6.177e-25    5.152e-26  
  -28.0   1.670e-18   1.983e-25    1.657e-26  
