# z=5.5: redshift
# eps=0.4: maximum star formation efficiency for FFB
# -----
# MUV, Phi=dN/dMUV [cMpc^-3 Mag^-1]
#   [none, disc, shell], extinction models: no dust, disc mode, or shell mode
#     extinction for shell mode is stronger that for disc mode, see details in Li, Dekel+23
    MUV   Phi[none]   Phi[disc]   Phi[shell]  
  -15.0   4.716e-02   4.538e-02    4.538e-02  
  -15.1   4.407e-02   4.232e-02    4.232e-02  
  -15.2   4.118e-02   3.944e-02    3.945e-02  
  -15.3   3.846e-02   3.675e-02    3.675e-02  
  -15.4   3.591e-02   3.423e-02    3.423e-02  
  -15.5   3.352e-02   3.187e-02    3.187e-02  
  -15.6   3.128e-02   2.965e-02    2.965e-02  
  -15.7   2.918e-02   2.758e-02    2.758e-02  
  -15.8   2.721e-02   2.564e-02    2.564e-02  
  -15.9   2.537e-02   2.382e-02    2.382e-02  
  -16.0   2.364e-02   2.213e-02    2.213e-02  
  -16.1   2.203e-02   2.054e-02    2.054e-02  
  -16.2   2.051e-02   1.905e-02    1.906e-02  
  -16.3   1.910e-02   1.767e-02    1.767e-02  
  -16.4   1.778e-02   1.637e-02    1.637e-02  
  -16.5   1.654e-02   1.517e-02    1.517e-02  
  -16.6   1.538e-02   1.404e-02    1.404e-02  
  -16.7   1.430e-02   1.299e-02    1.299e-02  
  -16.8   1.329e-02   1.201e-02    1.201e-02  
  -16.9   1.235e-02   1.109e-02    1.109e-02  
  -17.0   1.147e-02   1.024e-02    1.024e-02  
  -17.1   1.065e-02   9.449e-03    9.450e-03  
  -17.2   9.884e-03   8.712e-03    8.713e-03  
  -17.3   9.169e-03   8.027e-03    8.027e-03  
  -17.4   8.503e-03   7.390e-03    7.390e-03  
  -17.5   7.882e-03   6.798e-03    6.799e-03  
  -17.6   7.303e-03   6.249e-03    6.250e-03  
  -17.7   6.764e-03   5.740e-03    5.740e-03  
  -17.8   6.262e-03   5.267e-03    5.268e-03  
  -17.9   5.796e-03   4.830e-03    4.831e-03  
  -18.0   5.361e-03   4.425e-03    4.426e-03  
  -18.1   4.958e-03   4.051e-03    4.052e-03  
  -18.2   4.583e-03   3.704e-03    3.706e-03  
  -18.3   4.234e-03   3.385e-03    3.386e-03  
  -18.4   3.910e-03   3.090e-03    3.091e-03  
  -18.5   3.610e-03   2.818e-03    2.819e-03  
  -18.6   3.331e-03   2.567e-03    2.569e-03  
  -18.7   3.073e-03   2.337e-03    2.339e-03  
  -18.8   2.833e-03   2.125e-03    2.127e-03  
  -18.9   2.611e-03   1.930e-03    1.932e-03  
  -19.0   2.405e-03   1.751e-03    1.754e-03  
  -19.1   2.215e-03   1.587e-03    1.590e-03  
  -19.2   2.039e-03   1.438e-03    1.441e-03  
  -19.3   1.876e-03   1.300e-03    1.304e-03  
  -19.4   1.726e-03   1.175e-03    1.179e-03  
  -19.5   1.587e-03   1.061e-03    1.065e-03  
  -19.6   1.458e-03   9.566e-04    9.612e-04  
  -19.7   1.340e-03   8.617e-04    8.666e-04  
  -19.8   1.231e-03   7.754e-04    7.807e-04  
  -19.9   1.130e-03   6.970e-04    7.026e-04  
  -20.0   1.037e-03   6.258e-04    6.318e-04  
  -20.1   9.513e-04   5.614e-04    5.676e-04  
  -20.2   8.725e-04   5.031e-04    5.095e-04  
  -20.3   8.000e-04   4.504e-04    4.570e-04  
  -20.4   7.332e-04   4.028e-04    4.095e-04  
  -20.5   6.719e-04   3.598e-04    3.666e-04  
  -20.6   6.155e-04   3.212e-04    3.279e-04  
  -20.7   5.637e-04   2.864e-04    2.930e-04  
  -20.8   5.161e-04   2.552e-04    2.615e-04  
  -20.9   4.724e-04   2.271e-04    2.331e-04  
  -21.0   4.324e-04   2.020e-04    2.076e-04  
  -21.1   3.956e-04   1.795e-04    1.846e-04  
  -21.2   3.619e-04   1.593e-04    1.638e-04  
  -21.3   3.310e-04   1.414e-04    1.452e-04  
  -21.4   3.027e-04   1.253e-04    1.284e-04  
  -21.5   2.767e-04   1.110e-04    1.132e-04  
  -21.6   2.530e-04   9.827e-05    9.966e-05  
  -21.7   2.312e-04   8.695e-05    8.746e-05  
  -21.8   2.113e-04   7.691e-05    7.650e-05  
  -21.9   1.930e-04   6.799e-05    6.669e-05  
  -22.0   1.764e-04   6.010e-05    5.791e-05  
  -22.1   1.611e-04   5.312e-05    5.007e-05  
  -22.2   1.471e-04   4.696e-05    4.308e-05  
  -22.3   1.343e-04   4.153e-05    3.689e-05  
  -22.4   1.226e-04   3.674e-05    3.140e-05  
  -22.5   1.119e-04   3.253e-05    2.657e-05  
  -22.6   1.022e-04   2.884e-05    2.233e-05  
  -22.7   9.321e-05   2.559e-05    1.863e-05  
  -22.8   8.503e-05   2.274e-05    1.543e-05  
  -22.9   7.753e-05   2.023e-05    1.267e-05  
  -23.0   7.067e-05   1.803e-05    1.030e-05  
  -23.1   6.440e-05   1.610e-05    8.301e-06  
  -23.2   5.865e-05   1.438e-05    6.618e-06  
  -23.3   5.339e-05   1.287e-05    5.218e-06  
  -23.4   4.857e-05   1.152e-05    4.065e-06  
  -23.5   4.415e-05   1.031e-05    3.127e-06  
  -23.6   4.010e-05   9.215e-06    2.374e-06  
  -23.7   3.639e-05   8.228e-06    1.776e-06  
  -23.8   3.299e-05   7.329e-06    1.310e-06  
  -23.9   2.987e-05   6.507e-06    9.510e-07  
  -24.0   2.701e-05   5.753e-06    6.793e-07  
  -24.1   2.438e-05   5.062e-06    4.770e-07  
  -24.2   2.197e-05   4.427e-06    3.291e-07  
  -24.3   1.976e-05   3.846e-06    2.230e-07  
  -24.4   1.774e-05   3.316e-06    1.483e-07  
  -24.5   1.588e-05   2.837e-06    9.676e-08  
  -24.6   1.419e-05   2.406e-06    6.192e-08  
  -24.7   1.263e-05   2.021e-06    3.885e-08  
  -24.8   1.122e-05   1.682e-06    2.390e-08  
  -24.9   9.924e-06   1.386e-06    1.442e-08  
  -25.0   8.749e-06   1.130e-06    8.541e-09  
  -25.1   7.683e-06   9.115e-07    4.968e-09  
  -25.2   6.718e-06   7.273e-07    2.843e-09  
  -25.3   5.848e-06   5.740e-07    1.603e-09  
  -25.4   5.066e-06   4.479e-07    8.924e-10  
  -25.5   4.367e-06   3.455e-07    4.922e-10  
  -25.6   3.744e-06   2.635e-07    2.696e-10  
  -25.7   3.191e-06   1.987e-07    1.471e-10  
  -25.8   2.705e-06   1.481e-07    8.019e-11  
  -25.9   2.278e-06   1.091e-07    4.370e-11  
  -26.0   1.906e-06   7.943e-08    2.383e-11  
  -26.1   1.584e-06   5.716e-08    1.299e-11  
  -26.2   1.307e-06   4.066e-08    7.069e-12  
  -26.3   1.071e-06   2.858e-08    3.830e-12  
  -26.4   8.713e-07   1.985e-08    2.061e-12  
  -26.5   7.032e-07   1.363e-08    1.100e-12  
  -26.6   5.631e-07   9.250e-09    5.815e-13  
  -26.7   4.473e-07   6.204e-09    3.041e-13  
  -26.8   3.523e-07   4.112e-09    1.573e-13  
  -26.9   2.752e-07   2.693e-09    8.053e-14  
  -27.0   2.131e-07   1.743e-09    4.084e-14  
  -27.1   1.636e-07   1.115e-09    2.054e-14  
  -27.2   1.245e-07   7.053e-10    1.025e-14  
  -27.3   9.388e-08   4.407e-10    5.078e-15  
  -27.4   7.015e-08   2.722e-10    2.500e-15  
  -27.5   5.193e-08   1.662e-10    1.223e-15  
  -27.6   3.809e-08   1.002e-10    5.944e-16  
  -27.7   2.768e-08   5.976e-11    2.869e-16  
  -27.8   1.992e-08   3.521e-11    1.374e-16  
  -27.9   1.421e-08   2.051e-11    6.525e-17  
  -28.0   1.003e-08   1.180e-11    3.072e-17  
