# z=18.5: redshift
# eps=0.5: maximum star formation efficiency for FFB
# -----
# MUV, Phi=dN/dMUV [cMpc^-3 Mag^-1]
#   [none, disc, shell], extinction models: no dust, disc mode, or shell mode
#     extinction for shell mode is stronger that for disc mode, see details in Li, Dekel+23
    MUV   Phi[none]   Phi[disc]   Phi[shell]  
  -15.0   1.995e-04   1.932e-04    1.932e-04  
  -15.1   1.834e-04   1.773e-04    1.773e-04  
  -15.2   1.686e-04   1.627e-04    1.627e-04  
  -15.3   1.549e-04   1.492e-04    1.492e-04  
  -15.4   1.423e-04   1.368e-04    1.368e-04  
  -15.5   1.307e-04   1.254e-04    1.254e-04  
  -15.6   1.200e-04   1.149e-04    1.148e-04  
  -15.7   1.101e-04   1.052e-04    1.051e-04  
  -15.8   1.010e-04   9.627e-05    9.621e-05  
  -15.9   9.256e-05   8.803e-05    8.797e-05  
  -16.0   8.480e-05   8.044e-05    8.038e-05  
  -16.1   7.764e-05   7.345e-05    7.339e-05  
  -16.2   7.104e-05   6.700e-05    6.694e-05  
  -16.3   6.494e-05   6.106e-05    6.100e-05  
  -16.4   5.932e-05   5.559e-05    5.552e-05  
  -16.5   5.413e-05   5.054e-05    5.048e-05  
  -16.6   4.935e-05   4.589e-05    4.583e-05  
  -16.7   4.494e-05   4.161e-05    4.154e-05  
  -16.8   4.086e-05   3.766e-05    3.760e-05  
  -16.9   3.711e-05   3.402e-05    3.396e-05  
  -17.0   3.365e-05   3.066e-05    3.061e-05  
  -17.1   3.046e-05   2.758e-05    2.753e-05  
  -17.2   2.751e-05   2.474e-05    2.469e-05  
  -17.3   2.481e-05   2.213e-05    2.208e-05  
  -17.4   2.231e-05   1.973e-05    1.969e-05  
  -17.5   2.002e-05   1.753e-05    1.749e-05  
  -17.6   1.792e-05   1.552e-05    1.548e-05  
  -17.7   1.598e-05   1.368e-05    1.365e-05  
  -17.8   1.422e-05   1.201e-05    1.197e-05  
  -17.9   1.260e-05   1.049e-05    1.045e-05  
  -18.0   1.113e-05   9.115e-06    9.079e-06  
  -18.1   9.785e-06   7.877e-06    7.840e-06  
  -18.2   8.568e-06   6.767e-06    6.729e-06  
  -18.3   7.469e-06   5.777e-06    5.738e-06  
  -18.4   6.480e-06   4.899e-06    4.859e-06  
  -18.5   5.593e-06   4.125e-06    4.084e-06  
  -18.6   4.801e-06   3.448e-06    3.407e-06  
  -18.7   4.099e-06   2.861e-06    2.819e-06  
  -18.8   3.478e-06   2.354e-06    2.313e-06  
  -18.9   2.933e-06   1.921e-06    1.880e-06  
  -19.0   2.458e-06   1.554e-06    1.515e-06  
  -19.1   2.046e-06   1.246e-06    1.209e-06  
  -19.2   1.692e-06   9.902e-07    9.549e-07  
  -19.3   1.389e-06   7.792e-07    7.467e-07  
  -19.4   1.132e-06   6.073e-07    5.777e-07  
  -19.5   9.157e-07   4.685e-07    4.421e-07  
  -19.6   7.352e-07   3.578e-07    3.346e-07  
  -19.7   5.857e-07   2.703e-07    2.503e-07  
  -19.8   4.629e-07   2.021e-07    1.851e-07  
  -19.9   3.630e-07   1.494e-07    1.352e-07  
  -20.0   2.823e-07   1.092e-07    9.754e-08  
  -20.1   2.178e-07   7.892e-08    6.951e-08  
  -20.2   1.666e-07   5.637e-08    4.890e-08  
  -20.3   1.264e-07   3.979e-08    3.396e-08  
  -20.4   9.511e-08   2.774e-08    2.327e-08  
  -20.5   7.096e-08   1.911e-08    1.574e-08  
  -20.6   5.250e-08   1.300e-08    1.050e-08  
  -20.7   3.851e-08   8.728e-09    6.905e-09  
  -20.8   2.801e-08   5.786e-09    4.479e-09  
  -20.9   2.020e-08   3.785e-09    2.865e-09  
  -21.0   1.445e-08   2.443e-09    1.806e-09  
  -21.1   1.024e-08   1.556e-09    1.122e-09  
  -21.2   7.204e-09   9.776e-10    6.867e-10  
  -21.3   5.023e-09   6.056e-10    4.142e-10  
  -21.4   3.474e-09   3.700e-10    2.461e-10  
  -21.5   2.382e-09   2.228e-10    1.440e-10  
  -21.6   1.620e-09   1.323e-10    8.298e-11  
  -21.7   1.093e-09   7.739e-11    4.709e-11  
  -21.8   7.315e-10   4.462e-11    2.631e-11  
  -21.9   4.855e-10   2.535e-11    1.447e-11  
  -22.0   3.196e-10   1.419e-11    7.833e-12  
  -22.1   2.087e-10   7.824e-12    4.174e-12  
  -22.2   1.353e-10   4.249e-12    2.189e-12  
  -22.3   8.694e-11   2.273e-12    1.130e-12  
  -22.4   5.544e-11   1.197e-12    5.736e-13  
  -22.5   3.508e-11   6.208e-13    2.866e-13  
  -22.6   2.202e-11   3.170e-13    1.409e-13  
  -22.7   1.371e-11   1.594e-13    6.812e-14  
  -22.8   8.474e-12   7.889e-14    3.241e-14  
  -22.9   5.195e-12   3.843e-14    1.516e-14  
  -23.0   3.160e-12   1.843e-14    6.980e-15  
  -23.1   1.907e-12   8.697e-15    3.160e-15  
  -23.2   1.142e-12   4.040e-15    1.407e-15  
  -23.3   6.784e-13   1.846e-15    6.160e-16  
  -23.4   3.998e-13   8.305e-16    2.653e-16  
  -23.5   2.337e-13   3.675e-16    1.123e-16  
  -23.6   1.355e-13   1.600e-16    4.678e-17  
  -23.7   7.790e-14   6.856e-17    1.916e-17  
  -23.8   4.442e-14   2.889e-17    7.713e-18  
  -23.9   2.511e-14   1.198e-17    3.054e-18  
  -24.0   1.408e-14   4.886e-18    1.189e-18  
  -24.1   7.821e-15   1.960e-18    4.549e-19  
  -24.2   4.306e-15   7.736e-19    1.712e-19  
  -24.3   2.350e-15   3.003e-19    6.333e-20  
  -24.4   1.270e-15   1.146e-19    2.303e-20  
  -24.5   6.799e-16   4.304e-20    8.235e-21  
  -24.6   3.604e-16   1.589e-20    2.895e-21  
  -24.7   1.891e-16   5.771e-21    1.000e-21  
  -24.8   9.823e-17   2.061e-21    3.398e-22  
  -24.9   5.048e-17   7.237e-22    1.135e-22  
  -25.0   2.566e-17   2.499e-22    3.724e-23  
  -25.1   1.290e-17   8.486e-23    1.202e-23  
  -25.2   6.412e-18   2.833e-23    3.811e-24  
  -25.3   3.150e-18   9.301e-24    1.188e-24  
  -25.4   1.529e-18   3.002e-24    3.641e-25  
  -25.5   7.332e-19   9.527e-25    1.097e-25  
  -25.6   3.472e-19   2.972e-25    3.247e-26  
  -25.7   1.623e-19   9.118e-26    9.447e-27  
  -25.8   7.491e-20   2.750e-26    2.702e-27  
  -25.9   3.411e-20   8.153e-27    7.596e-28  
  -26.0   1.533e-20   2.376e-27    2.099e-28  
  -26.1   6.793e-21   6.809e-28    5.699e-29  
  -26.2   2.969e-21   1.918e-28    1.521e-29  
  -26.3   1.279e-21   5.311e-29    3.989e-30  
  -26.4   5.434e-22   1.446e-29    1.028e-30  
  -26.5   2.275e-22   3.869e-30    2.606e-31  
  -26.6   9.384e-23   1.018e-30    6.489e-32  
  -26.7   3.814e-23   2.631e-31    1.588e-32  
  -26.8   1.527e-23   6.686e-32    3.819e-33  
  -26.9   6.022e-24   1.670e-32    9.027e-34  
  -27.0   2.339e-24   4.101e-33    2.097e-34  
  -27.1   8.943e-25   9.897e-34    4.787e-35  
  -27.2   3.367e-25   2.348e-34    1.074e-35  
  -27.3   1.248e-25   5.474e-35    2.368e-36  
  -27.4   4.553e-26   1.254e-35    5.130e-37  
  -27.5   1.635e-26   2.825e-36    1.092e-37  
  -27.6   5.777e-27   6.255e-37    2.285e-38  
  -27.7   2.009e-27   1.361e-37    4.699e-39  
  -27.8   6.873e-28   2.910e-38    9.496e-40  
  -27.9   2.314e-28   6.117e-39    1.886e-40  
  -28.0   7.664e-29   1.263e-39    3.680e-41  
