# z=24.0: redshift
# eps=0.4: maximum star formation efficiency for FFB
# -----
# MUV, Phi=dN/dMUV [cMpc^-3 Mag^-1]
#   [none, disc, shell], extinction models: no dust, disc mode, or shell mode
#     extinction for shell mode is stronger that for disc mode, see details in Li, Dekel+23
    MUV   Phi[none]   Phi[disc]   Phi[shell]  
  -14.0   1.111e-05   1.093e-05    1.092e-05  
  -14.1   1.013e-05   9.955e-06    9.944e-06  
  -14.2   9.228e-06   9.058e-06    9.048e-06  
  -14.3   8.397e-06   8.232e-06    8.223e-06  
  -14.4   7.633e-06   7.473e-06    7.464e-06  
  -14.5   6.929e-06   6.774e-06    6.766e-06  
  -14.6   6.283e-06   6.132e-06    6.125e-06  
  -14.7   5.688e-06   5.542e-06    5.535e-06  
  -14.8   5.142e-06   4.999e-06    4.994e-06  
  -14.9   4.641e-06   4.501e-06    4.497e-06  
  -15.0   4.181e-06   4.044e-06    4.042e-06  
  -15.1   3.759e-06   3.625e-06    3.624e-06  
  -15.2   3.373e-06   3.242e-06    3.242e-06  
  -15.3   3.019e-06   2.891e-06    2.892e-06  
  -15.4   2.696e-06   2.570e-06    2.573e-06  
  -15.5   2.401e-06   2.277e-06    2.281e-06  
  -15.6   2.132e-06   2.010e-06    2.016e-06  
  -15.7   1.887e-06   1.768e-06    1.775e-06  
  -15.8   1.664e-06   1.549e-06    1.557e-06  
  -15.9   1.463e-06   1.350e-06    1.359e-06  
  -16.0   1.281e-06   1.172e-06    1.182e-06  
  -16.1   1.116e-06   1.012e-06    1.022e-06  
  -16.2   9.691e-07   8.688e-07    8.795e-07  
  -16.3   8.373e-07   7.417e-07    7.526e-07  
  -16.4   7.198e-07   6.294e-07    6.402e-07  
  -16.5   6.155e-07   5.306e-07    5.412e-07  
  -16.6   5.235e-07   4.444e-07    4.546e-07  
  -16.7   4.427e-07   3.695e-07    3.793e-07  
  -16.8   3.721e-07   3.050e-07    3.141e-07  
  -16.9   3.109e-07   2.498e-07    2.583e-07  
  -17.0   2.580e-07   2.030e-07    2.107e-07  
  -17.1   2.127e-07   1.636e-07    1.705e-07  
  -17.2   1.741e-07   1.308e-07    1.369e-07  
  -17.3   1.416e-07   1.036e-07    1.089e-07  
  -17.4   1.142e-07   8.133e-08    8.589e-08  
  -17.5   9.151e-08   6.326e-08    6.714e-08  
  -17.6   7.273e-08   4.875e-08    5.199e-08  
  -17.7   5.736e-08   3.720e-08    3.988e-08  
  -17.8   4.488e-08   2.811e-08    3.029e-08  
  -17.9   3.484e-08   2.103e-08    2.278e-08  
  -18.0   2.682e-08   1.557e-08    1.696e-08  
  -18.1   2.047e-08   1.141e-08    1.249e-08  
  -18.2   1.550e-08   8.273e-09    9.105e-09  
  -18.3   1.164e-08   5.934e-09    6.566e-09  
  -18.4   8.664e-09   4.211e-09    4.683e-09  
  -18.5   6.395e-09   2.955e-09    3.304e-09  
  -18.6   4.680e-09   2.050e-09    2.304e-09  
  -18.7   3.395e-09   1.407e-09    1.589e-09  
  -18.8   2.442e-09   9.543e-10    1.083e-09  
  -18.9   1.742e-09   6.398e-10    7.293e-10  
  -19.0   1.231e-09   4.240e-10    4.854e-10  
  -19.1   8.633e-10   2.777e-10    3.191e-10  
  -19.2   6.000e-10   1.797e-10    2.073e-10  
  -19.3   4.135e-10   1.149e-10    1.330e-10  
  -19.4   2.825e-10   7.253e-11    8.422e-11  
  -19.5   1.914e-10   4.523e-11    5.268e-11  
  -19.6   1.286e-10   2.786e-11    3.252e-11  
  -19.7   8.567e-11   1.695e-11    1.982e-11  
  -19.8   5.660e-11   1.018e-11    1.192e-11  
  -19.9   3.709e-11   6.032e-12    7.073e-12  
  -20.0   2.410e-11   3.529e-12    4.141e-12  
  -20.1   1.553e-11   2.038e-12    2.391e-12  
  -20.2   9.926e-12   1.161e-12    1.362e-12  
  -20.3   6.292e-12   6.529e-13    7.652e-13  
  -20.4   3.956e-12   3.621e-13    4.239e-13  
  -20.5   2.466e-12   1.981e-13    2.315e-13  
  -20.6   1.525e-12   1.069e-13    1.246e-13  
  -20.7   9.351e-13   5.689e-14    6.612e-14  
  -20.8   5.685e-13   2.985e-14    3.457e-14  
  -20.9   3.426e-13   1.544e-14    1.782e-14  
  -21.0   2.047e-13   7.875e-15    9.046e-15  
  -21.1   1.212e-13   3.958e-15    4.525e-15  
  -21.2   7.114e-14   1.961e-15    2.229e-15  
  -21.3   4.136e-14   9.573e-16    1.082e-15  
  -21.4   2.382e-14   4.605e-16    5.172e-16  
  -21.5   1.358e-14   2.183e-16    2.435e-16  
  -21.6   7.668e-15   1.019e-16    1.128e-16  
  -21.7   4.285e-15   4.688e-17    5.150e-17  
  -21.8   2.369e-15   2.124e-17    2.314e-17  
  -21.9   1.296e-15   9.476e-18    1.024e-17  
  -22.0   7.008e-16   4.164e-18    4.457e-18  
  -22.1   3.747e-16   1.802e-18    1.910e-18  
  -22.2   1.980e-16   7.676e-19    8.056e-19  
  -22.3   1.034e-16   3.220e-19    3.344e-19  
  -22.4   5.331e-17   1.329e-19    1.366e-19  
  -22.5   2.715e-17   5.404e-20    5.492e-20  
  -22.6   1.365e-17   2.163e-20    2.172e-20  
  -22.7   6.769e-18   8.517e-21    8.453e-21  
  -22.8   3.313e-18   3.301e-21    3.237e-21  
  -22.9   1.600e-18   1.259e-21    1.219e-21  
  -23.0   7.617e-19   4.728e-22    4.518e-22  
  -23.1   3.576e-19   1.746e-22    1.647e-22  
  -23.2   1.655e-19   6.348e-23    5.904e-23  
  -23.3   7.547e-20   2.270e-23    2.082e-23  
  -23.4   3.392e-20   7.988e-24    7.223e-24  
  -23.5   1.502e-20   2.765e-24    2.464e-24  
  -23.6   6.550e-21   9.417e-25    8.269e-25  
  -23.7   2.814e-21   3.155e-25    2.729e-25  
  -23.8   1.190e-21   1.040e-25    8.855e-26  
  -23.9   4.957e-22   3.370e-26    2.826e-26  
  -24.0   2.033e-22   1.074e-26    8.867e-27  
  -24.1   8.205e-23   3.369e-27    2.736e-27  
  -24.2   3.260e-23   1.039e-27    8.302e-28  
  -24.3   1.275e-23   3.152e-28    2.477e-28  
  -24.4   4.905e-24   9.404e-29    7.266e-29  
  -24.5   1.857e-24   2.759e-29    2.096e-29  
  -24.6   6.919e-25   7.960e-30    5.943e-30  
  -24.7   2.536e-25   2.258e-30    1.657e-30  
  -24.8   9.145e-26   6.300e-31    4.541e-31  
  -24.9   3.244e-26   1.728e-31    1.224e-31  
  -25.0   1.132e-26   4.661e-32    3.242e-32  
  -25.1   3.884e-27   1.236e-32    8.442e-33  
  -25.2   1.311e-27   3.224e-33    2.161e-33  
  -25.3   4.351e-28   8.265e-34    5.439e-34  
  -25.4   1.420e-28   2.083e-34    1.346e-34  
  -25.5   4.559e-29   5.163e-35    3.273e-35  
  -25.6   1.439e-29   1.258e-35    7.824e-36  
  -25.7   4.467e-30   3.013e-36    1.839e-36  
  -25.8   1.363e-30   7.096e-37    4.247e-37  
  -25.9   4.091e-31   1.643e-37    9.642e-38  
  -26.0   1.207e-31   3.739e-38    2.152e-38  
  -26.1   3.501e-32   8.364e-39    4.720e-39  
  -26.2   9.985e-33   1.840e-39    1.018e-39  
  -26.3   2.800e-33   3.977e-40    2.157e-40  
  -26.4   7.716e-34   8.452e-41    4.493e-41  
  -26.5   2.091e-34   1.766e-41    9.197e-42  
  -26.6   5.569e-35   3.626e-42    1.851e-42  
  -26.7   1.458e-35   7.318e-43    3.660e-43  
  -26.8   3.753e-36   1.452e-43    7.114e-44  
  -26.9   9.495e-37   2.832e-44    1.359e-44  
  -27.0   2.361e-37   5.428e-45    2.551e-45  
  -27.1   5.772e-38   1.023e-45    4.708e-46  
  -27.2   1.387e-38   1.894e-46    8.538e-47  
  -27.3   3.275e-39   3.447e-47    1.522e-47  
  -27.4   7.602e-40   6.167e-48    2.665e-48  
  -27.5   1.734e-40   1.084e-48    4.588e-49  
  -27.6   3.889e-41   1.874e-49    7.762e-50  
  -27.7   8.572e-42   3.183e-50    1.291e-50  
  -27.8   1.857e-42   5.313e-51    2.109e-51  
  -27.9   3.953e-43   8.717e-52    3.386e-52  
  -28.0   8.271e-44   1.406e-52    5.343e-53  
