# z=23.5: redshift
# eps=0.4: maximum star formation efficiency for FFB
# -----
# MUV, Phi=dN/dMUV [cMpc^-3 Mag^-1]
#   [none, disc, shell], extinction models: no dust, disc mode, or shell mode
#     extinction for shell mode is stronger that for disc mode, see details in Li, Dekel+23
    MUV   Phi[none]   Phi[disc]   Phi[shell]  
  -15.0   6.162e-06   5.971e-06    5.964e-06  
  -15.1   5.561e-06   5.375e-06    5.370e-06  
  -15.2   5.010e-06   4.828e-06    4.825e-06  
  -15.3   4.505e-06   4.327e-06    4.325e-06  
  -15.4   4.042e-06   3.867e-06    3.867e-06  
  -15.5   3.617e-06   3.446e-06    3.448e-06  
  -15.6   3.229e-06   3.062e-06    3.065e-06  
  -15.7   2.875e-06   2.711e-06    2.716e-06  
  -15.8   2.552e-06   2.392e-06    2.398e-06  
  -15.9   2.258e-06   2.101e-06    2.110e-06  
  -16.0   1.991e-06   1.839e-06    1.848e-06  
  -16.1   1.749e-06   1.601e-06    1.612e-06  
  -16.2   1.530e-06   1.388e-06    1.399e-06  
  -16.3   1.333e-06   1.196e-06    1.208e-06  
  -16.4   1.156e-06   1.025e-06    1.038e-06  
  -16.5   9.977e-07   8.737e-07    8.863e-07  
  -16.6   8.569e-07   7.399e-07    7.524e-07  
  -16.7   7.320e-07   6.225e-07    6.346e-07  
  -16.8   6.218e-07   5.201e-07    5.318e-07  
  -16.9   5.252e-07   4.314e-07    4.425e-07  
  -17.0   4.408e-07   3.552e-07    3.655e-07  
  -17.1   3.677e-07   2.901e-07    2.996e-07  
  -17.2   3.047e-07   2.351e-07    2.436e-07  
  -17.3   2.508e-07   1.889e-07    1.965e-07  
  -17.4   2.050e-07   1.504e-07    1.571e-07  
  -17.5   1.664e-07   1.188e-07    1.246e-07  
  -17.6   1.340e-07   9.292e-08    9.787e-08  
  -17.7   1.072e-07   7.202e-08    7.618e-08  
  -17.8   8.501e-08   5.528e-08    5.874e-08  
  -17.9   6.691e-08   4.202e-08    4.485e-08  
  -18.0   5.225e-08   3.162e-08    3.391e-08  
  -18.1   4.047e-08   2.356e-08    2.537e-08  
  -18.2   3.109e-08   1.737e-08    1.879e-08  
  -18.3   2.369e-08   1.267e-08    1.377e-08  
  -18.4   1.790e-08   9.145e-09    9.981e-09  
  -18.5   1.341e-08   6.529e-09    7.156e-09  
  -18.6   9.959e-09   4.610e-09    5.074e-09  
  -18.7   7.335e-09   3.219e-09    3.557e-09  
  -18.8   5.356e-09   2.222e-09    2.465e-09  
  -18.9   3.878e-09   1.517e-09    1.688e-09  
  -19.0   2.783e-09   1.023e-09    1.143e-09  
  -19.1   1.981e-09   6.823e-10    7.641e-10  
  -19.2   1.397e-09   4.495e-10    5.048e-10  
  -19.3   9.774e-10   2.927e-10    3.294e-10  
  -19.4   6.779e-10   1.882e-10    2.122e-10  
  -19.5   4.662e-10   1.196e-10    1.350e-10  
  -19.6   3.179e-10   7.503e-11    8.482e-11  
  -19.7   2.149e-10   4.649e-11    5.259e-11  
  -19.8   1.441e-10   2.844e-11    3.218e-11  
  -19.9   9.581e-11   1.718e-11    1.943e-11  
  -20.0   6.318e-11   1.024e-11    1.157e-11  
  -20.1   4.132e-11   6.028e-12    6.801e-12  
  -20.2   2.680e-11   3.500e-12    3.942e-12  
  -20.3   1.724e-11   2.006e-12    2.253e-12  
  -20.4   1.100e-11   1.134e-12    1.270e-12  
  -20.5   6.961e-12   6.324e-13    7.057e-13  
  -20.6   4.369e-12   3.479e-13    3.866e-13  
  -20.7   2.720e-12   1.887e-13    2.087e-13  
  -20.8   1.680e-12   1.009e-13    1.111e-13  
  -20.9   1.029e-12   5.324e-14    5.824e-14  
  -21.0   6.248e-13   2.768e-14    3.009e-14  
  -21.1   3.762e-13   1.419e-14    1.532e-14  
  -21.2   2.247e-13   7.168e-15    7.679e-15  
  -21.3   1.330e-13   3.568e-15    3.793e-15  
  -21.4   7.802e-14   1.751e-15    1.845e-15  
  -21.5   4.537e-14   8.461e-16    8.836e-16  
  -21.6   2.614e-14   4.029e-16    4.167e-16  
  -21.7   1.492e-14   1.890e-16    1.935e-16  
  -21.8   8.430e-15   8.733e-17    8.848e-17  
  -21.9   4.717e-15   3.974e-17    3.982e-17  
  -22.0   2.613e-15   1.781e-17    1.764e-17  
  -22.1   1.432e-15   7.862e-18    7.693e-18  
  -22.2   7.764e-16   3.416e-18    3.301e-18  
  -22.3   4.163e-16   1.462e-18    1.394e-18  
  -22.4   2.207e-16   6.157e-19    5.796e-19  
  -22.5   1.156e-16   2.553e-19    2.370e-19  
  -22.6   5.986e-17   1.042e-19    9.539e-20  
  -22.7   3.061e-17   4.187e-20    3.777e-20  
  -22.8   1.546e-17   1.656e-20    1.471e-20  
  -22.9   7.706e-18   6.444e-21    5.638e-21  
  -23.0   3.791e-18   2.468e-21    2.125e-21  
  -23.1   1.841e-18   9.301e-22    7.882e-22  
  -23.2   8.815e-19   3.449e-22    2.875e-22  
  -23.3   4.164e-19   1.259e-22    1.032e-22  
  -23.4   1.939e-19   4.518e-23    3.641e-23  
  -23.5   8.903e-20   1.596e-23    1.264e-23  
  -23.6   4.029e-20   5.545e-24    4.313e-24  
  -23.7   1.796e-20   1.895e-24    1.448e-24  
  -23.8   7.892e-21   6.373e-25    4.780e-25  
  -23.9   3.416e-21   2.108e-25    1.552e-25  
  -24.0   1.456e-21   6.858e-26    4.953e-26  
  -24.1   6.112e-22   2.194e-26    1.555e-26  
  -24.2   2.526e-22   6.906e-27    4.799e-27  
  -24.3   1.028e-22   2.138e-27    1.457e-27  
  -24.4   4.119e-23   6.507e-28    4.346e-28  
  -24.5   1.624e-23   1.948e-28    1.275e-28  
  -24.6   6.303e-24   5.734e-29    3.678e-29  
  -24.7   2.407e-24   1.660e-29    1.043e-29  
  -24.8   9.047e-25   4.726e-30    2.908e-30  
  -24.9   3.346e-25   1.323e-30    7.971e-31  
  -25.0   1.217e-25   3.641e-31    2.148e-31  
  -25.1   4.357e-26   9.854e-32    5.690e-32  
  -25.2   1.534e-26   2.622e-32    1.482e-32  
  -25.3   5.313e-27   6.861e-33    3.793e-33  
  -25.4   1.810e-27   1.765e-33    9.546e-34  
  -25.5   6.064e-28   4.463e-34    2.361e-34  
  -25.6   1.998e-28   1.110e-34    5.742e-35  
  -25.7   6.476e-29   2.713e-35    1.372e-35  
  -25.8   2.064e-29   6.519e-36    3.225e-36  
  -25.9   6.468e-30   1.540e-36    7.447e-37  
  -26.0   1.993e-30   3.577e-37    1.690e-37  
  -26.1   6.039e-31   8.166e-38    3.772e-38  
  -26.2   1.799e-31   1.833e-38    8.271e-39  
  -26.3   5.270e-32   4.044e-39    1.783e-39  
  -26.4   1.518e-32   8.770e-40    3.777e-40  
  -26.5   4.297e-33   1.870e-40    7.865e-41  
  -26.6   1.196e-33   3.918e-41    1.610e-41  
  -26.7   3.273e-34   8.070e-42    3.237e-42  
  -26.8   8.806e-35   1.634e-42    6.400e-43  
  -26.9   2.329e-35   3.252e-43    1.244e-43  
  -27.0   6.054e-36   6.361e-44    2.375e-44  
  -27.1   1.547e-36   1.223e-44    4.457e-45  
  -27.2   3.886e-37   2.312e-45    8.220e-46  
  -27.3   9.596e-38   4.294e-46    1.490e-46  
  -27.4   2.329e-38   7.839e-47    2.654e-47  
  -27.5   5.557e-39   1.407e-47    4.647e-48  
  -27.6   1.303e-39   2.481e-48    7.996e-49  
  -27.7   3.003e-40   4.300e-49    1.352e-49  
  -27.8   6.803e-41   7.326e-50    2.247e-50  
  -27.9   1.515e-41   1.227e-50    3.670e-51  
  -28.0   3.315e-42   2.019e-51    5.889e-52  
