# z=5.5: redshift
# eps=0.7: maximum star formation efficiency for FFB
# -----
# MUV, Phi=dN/dMUV [cMpc^-3 Mag^-1]
#   [none, disc, shell], extinction models: no dust, disc mode, or shell mode
#     extinction for shell mode is stronger that for disc mode, see details in Li, Dekel+23
    MUV   Phi[none]   Phi[disc]   Phi[shell]  
  -12.0   3.238e-01   3.213e-01    3.213e-01  
  -12.1   3.046e-01   3.021e-01    3.021e-01  
  -12.2   2.864e-01   2.840e-01    2.840e-01  
  -12.3   2.693e-01   2.669e-01    2.669e-01  
  -12.4   2.532e-01   2.508e-01    2.508e-01  
  -12.5   2.380e-01   2.357e-01    2.357e-01  
  -12.6   2.237e-01   2.214e-01    2.214e-01  
  -12.7   2.102e-01   2.079e-01    2.079e-01  
  -12.8   1.975e-01   1.952e-01    1.952e-01  
  -12.9   1.855e-01   1.833e-01    1.833e-01  
  -13.0   1.743e-01   1.720e-01    1.720e-01  
  -13.1   1.636e-01   1.614e-01    1.614e-01  
  -13.2   1.536e-01   1.514e-01    1.514e-01  
  -13.3   1.442e-01   1.420e-01    1.420e-01  
  -13.4   1.354e-01   1.332e-01    1.332e-01  
  -13.5   1.270e-01   1.249e-01    1.249e-01  
  -13.6   1.192e-01   1.170e-01    1.170e-01  
  -13.7   1.118e-01   1.097e-01    1.097e-01  
  -13.8   1.048e-01   1.027e-01    1.027e-01  
  -13.9   9.827e-02   9.622e-02    9.622e-02  
  -14.0   9.212e-02   9.009e-02    9.009e-02  
  -14.1   8.633e-02   8.432e-02    8.432e-02  
  -14.2   8.089e-02   7.891e-02    7.891e-02  
  -14.3   7.577e-02   7.381e-02    7.381e-02  
  -14.4   7.097e-02   6.903e-02    6.903e-02  
  -14.5   6.645e-02   6.454e-02    6.454e-02  
  -14.6   6.220e-02   6.031e-02    6.031e-02  
  -14.7   5.821e-02   5.635e-02    5.635e-02  
  -14.8   5.447e-02   5.263e-02    5.263e-02  
  -14.9   5.095e-02   4.914e-02    4.914e-02  
  -15.0   4.765e-02   4.586e-02    4.586e-02  
  -15.1   4.455e-02   4.279e-02    4.279e-02  
  -15.2   4.164e-02   3.991e-02    3.991e-02  
  -15.3   3.891e-02   3.720e-02    3.720e-02  
  -15.4   3.636e-02   3.467e-02    3.467e-02  
  -15.5   3.396e-02   3.230e-02    3.230e-02  
  -15.6   3.170e-02   3.007e-02    3.007e-02  
  -15.7   2.960e-02   2.799e-02    2.799e-02  
  -15.8   2.762e-02   2.604e-02    2.604e-02  
  -15.9   2.577e-02   2.421e-02    2.421e-02  
  -16.0   2.403e-02   2.251e-02    2.251e-02  
  -16.1   2.241e-02   2.091e-02    2.091e-02  
  -16.2   2.089e-02   1.942e-02    1.942e-02  
  -16.3   1.946e-02   1.802e-02    1.802e-02  
  -16.4   1.813e-02   1.672e-02    1.672e-02  
  -16.5   1.688e-02   1.550e-02    1.550e-02  
  -16.6   1.572e-02   1.436e-02    1.436e-02  
  -16.7   1.463e-02   1.330e-02    1.330e-02  
  -16.8   1.361e-02   1.231e-02    1.231e-02  
  -16.9   1.266e-02   1.139e-02    1.139e-02  
  -17.0   1.177e-02   1.053e-02    1.053e-02  
  -17.1   1.094e-02   9.729e-03    9.729e-03  
  -17.2   1.017e-02   8.983e-03    8.983e-03  
  -17.3   9.445e-03   8.289e-03    8.289e-03  
  -17.4   8.771e-03   7.644e-03    7.644e-03  
  -17.5   8.142e-03   7.044e-03    7.044e-03  
  -17.6   7.556e-03   6.487e-03    6.487e-03  
  -17.7   7.009e-03   5.969e-03    5.970e-03  
  -17.8   6.500e-03   5.489e-03    5.490e-03  
  -17.9   6.026e-03   5.044e-03    5.045e-03  
  -18.0   5.585e-03   4.632e-03    4.632e-03  
  -18.1   5.174e-03   4.250e-03    4.251e-03  
  -18.2   4.792e-03   3.896e-03    3.897e-03  
  -18.3   4.437e-03   3.569e-03    3.570e-03  
  -18.4   4.107e-03   3.267e-03    3.269e-03  
  -18.5   3.800e-03   2.989e-03    2.990e-03  
  -18.6   3.515e-03   2.731e-03    2.733e-03  
  -18.7   3.250e-03   2.494e-03    2.496e-03  
  -18.8   3.004e-03   2.276e-03    2.277e-03  
  -18.9   2.777e-03   2.075e-03    2.076e-03  
  -19.0   2.565e-03   1.890e-03    1.892e-03  
  -19.1   2.369e-03   1.720e-03    1.722e-03  
  -19.2   2.188e-03   1.564e-03    1.566e-03  
  -19.3   2.019e-03   1.421e-03    1.424e-03  
  -19.4   1.864e-03   1.290e-03    1.293e-03  
  -19.5   1.719e-03   1.171e-03    1.173e-03  
  -19.6   1.586e-03   1.061e-03    1.064e-03  
  -19.7   1.462e-03   9.608e-04    9.643e-04  
  -19.8   1.348e-03   8.694e-04    8.733e-04  
  -19.9   1.243e-03   7.861e-04    7.903e-04  
  -20.0   1.145e-03   7.102e-04    7.147e-04  
  -20.1   1.055e-03   6.411e-04    6.459e-04  
  -20.2   9.722e-04   5.783e-04    5.835e-04  
  -20.3   8.954e-04   5.212e-04    5.267e-04  
  -20.4   8.246e-04   4.694e-04    4.752e-04  
  -20.5   7.593e-04   4.225e-04    4.286e-04  
  -20.6   6.990e-04   3.799e-04    3.863e-04  
  -20.7   6.435e-04   3.414e-04    3.479e-04  
  -20.8   5.923e-04   3.066e-04    3.132e-04  
  -20.9   5.451e-04   2.751e-04    2.818e-04  
  -21.0   5.016e-04   2.467e-04    2.534e-04  
  -21.1   4.615e-04   2.211e-04    2.277e-04  
  -21.2   4.246e-04   1.980e-04    2.044e-04  
  -21.3   3.907e-04   1.772e-04    1.833e-04  
  -21.4   3.594e-04   1.585e-04    1.642e-04  
  -21.5   3.306e-04   1.417e-04    1.469e-04  
  -21.6   3.041e-04   1.266e-04    1.312e-04  
  -21.7   2.797e-04   1.130e-04    1.170e-04  
  -21.8   2.573e-04   1.008e-04    1.041e-04  
  -21.9   2.366e-04   8.993e-05    9.241e-05  
  -22.0   2.176e-04   8.017e-05    8.183e-05  
  -22.1   2.001e-04   7.144e-05    7.224e-05  
  -22.2   1.841e-04   6.364e-05    6.357e-05  
  -22.3   1.692e-04   5.669e-05    5.573e-05  
  -22.4   1.556e-04   5.050e-05    4.866e-05  
  -22.5   1.431e-04   4.499e-05    4.230e-05  
  -22.6   1.316e-04   4.009e-05    3.659e-05  
  -22.7   1.209e-04   3.576e-05    3.148e-05  
  -22.8   1.112e-04   3.191e-05    2.692e-05  
  -22.9   1.022e-04   2.851e-05    2.288e-05  
  -23.0   9.390e-05   2.551e-05    1.931e-05  
  -23.1   8.628e-05   2.286e-05    1.618e-05  
  -23.2   7.926e-05   2.052e-05    1.345e-05  
  -23.3   7.279e-05   1.846e-05    1.108e-05  
  -23.4   6.683e-05   1.663e-05    9.046e-06  
  -23.5   6.134e-05   1.501e-05    7.312e-06  
  -23.6   5.628e-05   1.357e-05    5.847e-06  
  -23.7   5.161e-05   1.228e-05    4.624e-06  
  -23.8   4.731e-05   1.112e-05    3.612e-06  
  -23.9   4.333e-05   1.007e-05    2.786e-06  
  -24.0   3.967e-05   9.111e-06    2.121e-06  
  -24.1   3.628e-05   8.229e-06    1.591e-06  
  -24.2   3.315e-05   7.414e-06    1.176e-06  
  -24.3   3.027e-05   6.656e-06    8.557e-07  
  -24.4   2.760e-05   5.949e-06    6.125e-07  
  -24.5   2.513e-05   5.289e-06    4.311e-07  
  -24.6   2.285e-05   4.674e-06    2.980e-07  
  -24.7   2.075e-05   4.102e-06    2.024e-07  
  -24.8   1.880e-05   3.572e-06    1.348e-07  
  -24.9   1.700e-05   3.085e-06    8.815e-08  
  -25.0   1.534e-05   2.640e-06    5.652e-08  
  -25.1   1.381e-05   2.239e-06    3.554e-08  
  -25.2   1.239e-05   1.880e-06    2.192e-08  
  -25.3   1.109e-05   1.563e-06    1.327e-08  
  -25.4   9.897e-06   1.285e-06    7.881e-09  
  -25.5   8.799e-06   1.046e-06    4.601e-09  
  -25.6   7.794e-06   8.418e-07    2.644e-09  
  -25.7   6.876e-06   6.700e-07    1.498e-09  
  -25.8   6.040e-06   5.273e-07    8.391e-10  
  -25.9   5.281e-06   4.103e-07    4.656e-10  
  -26.0   4.595e-06   3.156e-07    2.567e-10  
  -26.1   3.977e-06   2.399e-07    1.410e-10  
  -26.2   3.424e-06   1.803e-07    7.734e-11  
  -26.3   2.930e-06   1.339e-07    4.239e-11  
  -26.4   2.493e-06   9.834e-08    2.323e-11  
  -26.5   2.107e-06   7.135e-08    1.272e-11  
  -26.6   1.770e-06   5.117e-08    6.945e-12  
  -26.7   1.476e-06   3.626e-08    3.779e-12  
  -26.8   1.222e-06   2.540e-08    2.044e-12  
  -26.9   1.004e-06   1.758e-08    1.098e-12  
  -27.0   8.188e-07   1.203e-08    5.849e-13  
  -27.1   6.624e-07   8.130e-09    3.089e-13  
  -27.2   5.315e-07   5.432e-09    1.617e-13  
  -27.3   4.229e-07   3.586e-09    8.396e-14  
  -27.4   3.336e-07   2.340e-09    4.322e-14  
  -27.5   2.609e-07   1.509e-09    2.208e-14  
  -27.6   2.021e-07   9.614e-10    1.119e-14  
  -27.7   1.552e-07   6.054e-10    5.631e-15  
  -27.8   1.181e-07   3.768e-10    2.811e-15  
  -27.9   8.896e-08   2.317e-10    1.393e-15  
  -28.0   6.639e-08   1.409e-10    6.843e-16  
