# z=11.5: redshift
# eps=0.3: maximum star formation efficiency for FFB
# -----
# MUV, Phi=dN/dMUV [cMpc^-3 Mag^-1]
#   [none, disc, shell], extinction models: no dust, disc mode, or shell mode
#     extinction for shell mode is stronger that for disc mode, see details in Li, Dekel+23
    MUV   Phi[none]   Phi[disc]   Phi[shell]  
  -12.0   8.155e-02   8.083e-02    8.083e-02  
  -12.1   7.491e-02   7.421e-02    7.421e-02  
  -12.2   6.879e-02   6.811e-02    6.811e-02  
  -12.3   6.315e-02   6.249e-02    6.249e-02  
  -12.4   5.795e-02   5.731e-02    5.731e-02  
  -12.5   5.317e-02   5.255e-02    5.255e-02  
  -12.6   4.877e-02   4.817e-02    4.817e-02  
  -12.7   4.472e-02   4.414e-02    4.414e-02  
  -12.8   4.100e-02   4.044e-02    4.044e-02  
  -12.9   3.758e-02   3.704e-02    3.704e-02  
  -13.0   3.443e-02   3.391e-02    3.391e-02  
  -13.1   3.155e-02   3.104e-02    3.104e-02  
  -13.2   2.889e-02   2.841e-02    2.841e-02  
  -13.3   2.646e-02   2.599e-02    2.599e-02  
  -13.4   2.423e-02   2.377e-02    2.377e-02  
  -13.5   2.218e-02   2.174e-02    2.174e-02  
  -13.6   2.030e-02   1.988e-02    1.988e-02  
  -13.7   1.858e-02   1.817e-02    1.817e-02  
  -13.8   1.700e-02   1.661e-02    1.661e-02  
  -13.9   1.556e-02   1.518e-02    1.518e-02  
  -14.0   1.423e-02   1.387e-02    1.387e-02  
  -14.1   1.302e-02   1.267e-02    1.267e-02  
  -14.2   1.191e-02   1.157e-02    1.157e-02  
  -14.3   1.089e-02   1.057e-02    1.057e-02  
  -14.4   9.966e-03   9.653e-03    9.654e-03  
  -14.5   9.116e-03   8.815e-03    8.816e-03  
  -14.6   8.338e-03   8.050e-03    8.050e-03  
  -14.7   7.627e-03   7.350e-03    7.351e-03  
  -14.8   6.977e-03   6.711e-03    6.712e-03  
  -14.9   6.383e-03   6.127e-03    6.128e-03  
  -15.0   5.840e-03   5.594e-03    5.595e-03  
  -15.1   5.343e-03   5.107e-03    5.108e-03  
  -15.2   4.889e-03   4.663e-03    4.664e-03  
  -15.3   4.474e-03   4.257e-03    4.258e-03  
  -15.4   4.095e-03   3.887e-03    3.887e-03  
  -15.5   3.748e-03   3.548e-03    3.549e-03  
  -15.6   3.432e-03   3.240e-03    3.241e-03  
  -15.7   3.142e-03   2.958e-03    2.959e-03  
  -15.8   2.877e-03   2.701e-03    2.702e-03  
  -15.9   2.635e-03   2.466e-03    2.467e-03  
  -16.0   2.414e-03   2.251e-03    2.253e-03  
  -16.1   2.212e-03   2.056e-03    2.057e-03  
  -16.2   2.027e-03   1.877e-03    1.878e-03  
  -16.3   1.857e-03   1.714e-03    1.715e-03  
  -16.4   1.703e-03   1.565e-03    1.566e-03  
  -16.5   1.561e-03   1.429e-03    1.430e-03  
  -16.6   1.431e-03   1.305e-03    1.306e-03  
  -16.7   1.313e-03   1.191e-03    1.193e-03  
  -16.8   1.204e-03   1.088e-03    1.089e-03  
  -16.9   1.104e-03   9.930e-04    9.947e-04  
  -17.0   1.013e-03   9.065e-04    9.083e-04  
  -17.1   9.297e-04   8.274e-04    8.293e-04  
  -17.2   8.531e-04   7.551e-04    7.571e-04  
  -17.3   7.830e-04   6.891e-04    6.912e-04  
  -17.4   7.187e-04   6.287e-04    6.309e-04  
  -17.5   6.597e-04   5.735e-04    5.757e-04  
  -17.6   6.055e-04   5.230e-04    5.254e-04  
  -17.7   5.558e-04   4.768e-04    4.793e-04  
  -17.8   5.102e-04   4.346e-04    4.372e-04  
  -17.9   4.684e-04   3.960e-04    3.986e-04  
  -18.0   4.299e-04   3.607e-04    3.634e-04  
  -18.1   3.946e-04   3.284e-04    3.311e-04  
  -18.2   3.621e-04   2.988e-04    3.016e-04  
  -18.3   3.322e-04   2.717e-04    2.745e-04  
  -18.4   3.047e-04   2.470e-04    2.497e-04  
  -18.5   2.795e-04   2.243e-04    2.270e-04  
  -18.6   2.562e-04   2.036e-04    2.062e-04  
  -18.7   2.348e-04   1.847e-04    1.870e-04  
  -18.8   2.151e-04   1.673e-04    1.694e-04  
  -18.9   1.969e-04   1.514e-04    1.533e-04  
  -19.0   1.802e-04   1.369e-04    1.384e-04  
  -19.1   1.647e-04   1.236e-04    1.247e-04  
  -19.2   1.505e-04   1.114e-04    1.120e-04  
  -19.3   1.374e-04   1.003e-04    1.004e-04  
  -19.4   1.252e-04   9.009e-05    8.964e-05  
  -19.5   1.141e-04   8.078e-05    7.975e-05  
  -19.6   1.037e-04   7.228e-05    7.063e-05  
  -19.7   9.423e-05   6.452e-05    6.226e-05  
  -19.8   8.544e-05   5.744e-05    5.460e-05  
  -19.9   7.733e-05   5.099e-05    4.759e-05  
  -20.0   6.985e-05   4.512e-05    4.122e-05  
  -20.1   6.296e-05   3.979e-05    3.546e-05  
  -20.2   5.661e-05   3.496e-05    3.028e-05  
  -20.3   5.077e-05   3.059e-05    2.566e-05  
  -20.4   4.540e-05   2.665e-05    2.156e-05  
  -20.5   4.048e-05   2.310e-05    1.796e-05  
  -20.6   3.597e-05   1.993e-05    1.482e-05  
  -20.7   3.185e-05   1.710e-05    1.212e-05  
  -20.8   2.809e-05   1.458e-05    9.812e-06  
  -20.9   2.467e-05   1.235e-05    7.864e-06  
  -21.0   2.157e-05   1.040e-05    6.237e-06  
  -21.1   1.878e-05   8.693e-06    4.894e-06  
  -21.2   1.627e-05   7.211e-06    3.799e-06  
  -21.3   1.402e-05   5.935e-06    2.917e-06  
  -21.4   1.201e-05   4.844e-06    2.215e-06  
  -21.5   1.023e-05   3.919e-06    1.664e-06  
  -21.6   8.666e-06   3.142e-06    1.236e-06  
  -21.7   7.292e-06   2.495e-06    9.075e-07  
  -21.8   6.096e-06   1.962e-06    6.591e-07  
  -21.9   5.061e-06   1.527e-06    4.734e-07  
  -22.0   4.172e-06   1.176e-06    3.362e-07  
  -22.1   3.414e-06   8.953e-07    2.362e-07  
  -22.2   2.772e-06   6.742e-07    1.641e-07  
  -22.3   2.234e-06   5.017e-07    1.128e-07  
  -22.4   1.785e-06   3.690e-07    7.667e-08  
  -22.5   1.415e-06   2.681e-07    5.154e-08  
  -22.6   1.112e-06   1.923e-07    3.427e-08  
  -22.7   8.660e-07   1.363e-07    2.254e-08  
  -22.8   6.686e-07   9.530e-08    1.465e-08  
  -22.9   5.115e-07   6.579e-08    9.421e-09  
  -23.0   3.877e-07   4.482e-08    5.989e-09  
  -23.1   2.911e-07   3.013e-08    3.763e-09  
  -23.2   2.165e-07   1.998e-08    2.337e-09  
  -23.3   1.595e-07   1.308e-08    1.434e-09  
  -23.4   1.163e-07   8.440e-09    8.697e-10  
  -23.5   8.402e-08   5.374e-09    5.211e-10  
  -23.6   6.008e-08   3.374e-09    3.085e-10  
  -23.7   4.254e-08   2.090e-09    1.804e-10  
  -23.8   2.982e-08   1.277e-09    1.042e-10  
  -23.9   2.069e-08   7.692e-10    5.946e-11  
  -24.0   1.422e-08   4.570e-10    3.351e-11  
  -24.1   9.671e-09   2.678e-10    1.865e-11  
  -24.2   6.513e-09   1.548e-10    1.026e-11  
  -24.3   4.343e-09   8.822e-11    5.570e-12  
  -24.4   2.868e-09   4.960e-11    2.987e-12  
  -24.5   1.875e-09   2.750e-11    1.583e-12  
  -24.6   1.214e-09   1.504e-11    8.281e-13  
  -24.7   7.789e-10   8.113e-12    4.280e-13  
  -24.8   4.949e-10   4.317e-12    2.185e-13  
  -24.9   3.116e-10   2.266e-12    1.102e-13  
  -25.0   1.944e-10   1.173e-12    5.487e-14  
  -25.1   1.202e-10   5.993e-13    2.699e-14  
  -25.2   7.366e-11   3.020e-13    1.312e-14  
  -25.3   4.475e-11   1.502e-13    6.297e-15  
  -25.4   2.696e-11   7.368e-14    2.986e-15  
  -25.5   1.611e-11   3.567e-14    1.399e-15  
  -25.6   9.542e-12   1.704e-14    6.474e-16  
  -25.7   5.607e-12   8.035e-15    2.960e-16  
  -25.8   3.268e-12   3.739e-15    1.337e-16  
  -25.9   1.890e-12   1.717e-15    5.965e-17  
  -26.0   1.084e-12   7.784e-16    2.630e-17  
  -26.1   6.171e-13   3.483e-16    1.145e-17  
  -26.2   3.485e-13   1.539e-16    4.927e-18  
  -26.3   1.952e-13   6.711e-17    2.095e-18  
  -26.4   1.085e-13   2.890e-17    8.797e-19  
  -26.5   5.982e-14   1.229e-17    3.651e-19  
  -26.6   3.271e-14   5.158e-18    1.497e-19  
  -26.7   1.774e-14   2.138e-18    6.063e-20  
  -26.8   9.544e-15   8.754e-19    2.427e-20  
  -26.9   5.091e-15   3.540e-19    9.598e-21  
  -27.0   2.692e-15   1.414e-19    3.751e-21  
  -27.1   1.412e-15   5.576e-20    1.448e-21  
  -27.2   7.335e-16   2.172e-20    5.526e-22  
  -27.3   3.777e-16   8.361e-21    2.083e-22  
  -27.4   1.927e-16   3.179e-21    7.761e-23  
  -27.5   9.744e-17   1.194e-21    2.857e-23  
  -27.6   4.879e-17   4.430e-22    1.039e-23  
  -27.7   2.419e-17   1.624e-22    3.736e-24  
  -27.8   1.188e-17   5.882e-23    1.327e-24  
  -27.9   5.774e-18   2.105e-23    4.658e-25  
  -28.0   2.778e-18   7.443e-24    1.616e-25  
