# z=10.0: redshift
# eps=0.5: maximum star formation efficiency for FFB
# -----
# MUV, Phi=dN/dMUV [cMpc^-3 Mag^-1]
#   [none, disc, shell], extinction models: no dust, disc mode, or shell mode
#     extinction for shell mode is stronger that for disc mode, see details in Li, Dekel+23
    MUV   Phi[none]   Phi[disc]   Phi[shell]  
  -15.0   1.252e-02   1.200e-02    1.200e-02  
  -15.1   1.150e-02   1.100e-02    1.100e-02  
  -15.2   1.057e-02   1.008e-02    1.008e-02  
  -15.3   9.709e-03   9.239e-03    9.240e-03  
  -15.4   8.921e-03   8.467e-03    8.468e-03  
  -15.5   8.196e-03   7.760e-03    7.760e-03  
  -15.6   7.532e-03   7.111e-03    7.112e-03  
  -15.7   6.922e-03   6.516e-03    6.517e-03  
  -15.8   6.362e-03   5.972e-03    5.972e-03  
  -15.9   5.848e-03   5.472e-03    5.473e-03  
  -16.0   5.376e-03   5.014e-03    5.015e-03  
  -16.1   4.944e-03   4.595e-03    4.596e-03  
  -16.2   4.546e-03   4.211e-03    4.212e-03  
  -16.3   4.182e-03   3.859e-03    3.859e-03  
  -16.4   3.847e-03   3.536e-03    3.537e-03  
  -16.5   3.539e-03   3.240e-03    3.241e-03  
  -16.6   3.257e-03   2.969e-03    2.970e-03  
  -16.7   2.998e-03   2.721e-03    2.722e-03  
  -16.8   2.760e-03   2.493e-03    2.494e-03  
  -16.9   2.541e-03   2.285e-03    2.286e-03  
  -17.0   2.340e-03   2.093e-03    2.095e-03  
  -17.1   2.155e-03   1.918e-03    1.920e-03  
  -17.2   1.986e-03   1.757e-03    1.759e-03  
  -17.3   1.830e-03   1.610e-03    1.612e-03  
  -17.4   1.686e-03   1.475e-03    1.477e-03  
  -17.5   1.554e-03   1.351e-03    1.353e-03  
  -17.6   1.433e-03   1.238e-03    1.240e-03  
  -17.7   1.321e-03   1.133e-03    1.136e-03  
  -17.8   1.218e-03   1.038e-03    1.040e-03  
  -17.9   1.124e-03   9.501e-04    9.527e-04  
  -18.0   1.036e-03   8.697e-04    8.725e-04  
  -18.1   9.561e-04   7.959e-04    7.989e-04  
  -18.2   8.821e-04   7.282e-04    7.315e-04  
  -18.3   8.140e-04   6.661e-04    6.696e-04  
  -18.4   7.511e-04   6.092e-04    6.129e-04  
  -18.5   6.932e-04   5.569e-04    5.609e-04  
  -18.6   6.397e-04   5.090e-04    5.132e-04  
  -18.7   5.904e-04   4.650e-04    4.694e-04  
  -18.8   5.450e-04   4.246e-04    4.293e-04  
  -18.9   5.030e-04   3.876e-04    3.925e-04  
  -19.0   4.642e-04   3.536e-04    3.588e-04  
  -19.1   4.284e-04   3.225e-04    3.278e-04  
  -19.2   3.953e-04   2.939e-04    2.994e-04  
  -19.3   3.647e-04   2.678e-04    2.733e-04  
  -19.4   3.365e-04   2.438e-04    2.493e-04  
  -19.5   3.104e-04   2.218e-04    2.272e-04  
  -19.6   2.862e-04   2.016e-04    2.068e-04  
  -19.7   2.638e-04   1.832e-04    1.880e-04  
  -19.8   2.432e-04   1.663e-04    1.707e-04  
  -19.9   2.240e-04   1.508e-04    1.547e-04  
  -20.0   2.063e-04   1.366e-04    1.398e-04  
  -20.1   1.899e-04   1.237e-04    1.261e-04  
  -20.2   1.746e-04   1.118e-04    1.133e-04  
  -20.3   1.605e-04   1.010e-04    1.015e-04  
  -20.4   1.475e-04   9.105e-05    9.058e-05  
  -20.5   1.353e-04   8.200e-05    8.046e-05  
  -20.6   1.241e-04   7.373e-05    7.112e-05  
  -20.7   1.137e-04   6.618e-05    6.252e-05  
  -20.8   1.040e-04   5.929e-05    5.463e-05  
  -20.9   9.500e-05   5.300e-05    4.743e-05  
  -21.0   8.666e-05   4.728e-05    4.090e-05  
  -21.1   7.893e-05   4.206e-05    3.500e-05  
  -21.2   7.176e-05   3.731e-05    2.973e-05  
  -21.3   6.510e-05   3.299e-05    2.504e-05  
  -21.4   5.894e-05   2.907e-05    2.091e-05  
  -21.5   5.323e-05   2.552e-05    1.731e-05  
  -21.6   4.795e-05   2.231e-05    1.420e-05  
  -21.7   4.307e-05   1.941e-05    1.154e-05  
  -21.8   3.857e-05   1.681e-05    9.282e-06  
  -21.9   3.443e-05   1.447e-05    7.395e-06  
  -22.0   3.062e-05   1.239e-05    5.834e-06  
  -22.1   2.713e-05   1.053e-05    4.556e-06  
  -22.2   2.394e-05   8.897e-06    3.522e-06  
  -22.3   2.104e-05   7.461e-06    2.695e-06  
  -22.4   1.840e-05   6.208e-06    2.042e-06  
  -22.5   1.602e-05   5.123e-06    1.532e-06  
  -22.6   1.387e-05   4.191e-06    1.137e-06  
  -22.7   1.195e-05   3.398e-06    8.363e-07  
  -22.8   1.023e-05   2.729e-06    6.089e-07  
  -22.9   8.710e-06   2.171e-06    4.391e-07  
  -23.0   7.370e-06   1.709e-06    3.136e-07  
  -23.1   6.195e-06   1.331e-06    2.218e-07  
  -23.2   5.173e-06   1.026e-06    1.554e-07  
  -23.3   4.289e-06   7.821e-07    1.079e-07  
  -23.4   3.531e-06   5.894e-07    7.415e-08  
  -23.5   2.885e-06   4.392e-07    5.047e-08  
  -23.6   2.339e-06   3.234e-07    3.402e-08  
  -23.7   1.881e-06   2.354e-07    2.270e-08  
  -23.8   1.501e-06   1.693e-07    1.500e-08  
  -23.9   1.187e-06   1.202e-07    9.805e-09  
  -24.0   9.310e-07   8.440e-08    6.343e-09  
  -24.1   7.238e-07   5.851e-08    4.060e-09  
  -24.2   5.577e-07   4.007e-08    2.571e-09  
  -24.3   4.258e-07   2.710e-08    1.610e-09  
  -24.4   3.220e-07   1.811e-08    9.969e-10  
  -24.5   2.413e-07   1.195e-08    6.105e-10  
  -24.6   1.791e-07   7.785e-09    3.697e-10  
  -24.7   1.316e-07   5.010e-09    2.213e-10  
  -24.8   9.577e-08   3.185e-09    1.310e-10  
  -24.9   6.901e-08   1.999e-09    7.663e-11  
  -25.0   4.923e-08   1.239e-09    4.432e-11  
  -25.1   3.477e-08   7.588e-10    2.534e-11  
  -25.2   2.431e-08   4.588e-10    1.432e-11  
  -25.3   1.682e-08   2.740e-10    8.001e-12  
  -25.4   1.152e-08   1.616e-10    4.419e-12  
  -25.5   7.812e-09   9.415e-11    2.412e-12  
  -25.6   5.243e-09   5.417e-11    1.302e-12  
  -25.7   3.483e-09   3.079e-11    6.945e-13  
  -25.8   2.291e-09   1.728e-11    3.662e-13  
  -25.9   1.491e-09   9.582e-12    1.909e-13  
  -26.0   9.612e-10   5.248e-12    9.836e-14  
  -26.1   6.134e-10   2.839e-12    5.010e-14  
  -26.2   3.876e-10   1.517e-12    2.522e-14  
  -26.3   2.425e-10   8.008e-13    1.255e-14  
  -26.4   1.503e-10   4.176e-13    6.177e-15  
  -26.5   9.227e-11   2.151e-13    3.004e-15  
  -26.6   5.612e-11   1.095e-13    1.444e-15  
  -26.7   3.381e-11   5.505e-14    6.865e-16  
  -26.8   2.019e-11   2.734e-14    3.225e-16  
  -26.9   1.195e-11   1.342e-14    1.498e-16  
  -27.0   7.006e-12   6.506e-15    6.877e-17  
  -27.1   4.073e-12   3.117e-15    3.121e-17  
  -27.2   2.348e-12   1.475e-15    1.400e-17  
  -27.3   1.342e-12   6.899e-16    6.211e-18  
  -27.4   7.603e-13   3.188e-16    2.723e-18  
  -27.5   4.272e-13   1.455e-16    1.180e-18  
  -27.6   2.381e-13   6.566e-17    5.058e-19  
  -27.7   1.316e-13   2.927e-17    2.142e-19  
  -27.8   7.210e-14   1.289e-17    8.972e-20  
  -27.9   3.918e-14   5.613e-18    3.714e-20  
  -28.0   2.112e-14   2.414e-18    1.520e-20  
