# z=14.5: redshift
# eps=0.1: maximum star formation efficiency for FFB
# -----
# MUV, Phi=dN/dMUV [cMpc^-3 Mag^-1]
#   [none, disc, shell], extinction models: no dust, disc mode, or shell mode
#     extinction for shell mode is stronger that for disc mode, see details in Li, Dekel+23
    MUV   Phi[none]   Phi[disc]   Phi[shell]  
  -15.0   1.298e-03   1.236e-03    1.237e-03  
  -15.1   1.161e-03   1.102e-03    1.103e-03  
  -15.2   1.038e-03   9.822e-04    9.830e-04  
  -15.3   9.269e-04   8.748e-04    8.756e-04  
  -15.4   8.277e-04   7.788e-04    7.796e-04  
  -15.5   7.388e-04   6.929e-04    6.938e-04  
  -15.6   6.593e-04   6.163e-04    6.171e-04  
  -15.7   5.882e-04   5.479e-04    5.488e-04  
  -15.8   5.246e-04   4.869e-04    4.878e-04  
  -15.9   4.678e-04   4.325e-04    4.334e-04  
  -16.0   4.171e-04   3.842e-04    3.851e-04  
  -16.1   3.719e-04   3.411e-04    3.420e-04  
  -16.2   3.315e-04   3.028e-04    3.037e-04  
  -16.3   2.955e-04   2.688e-04    2.696e-04  
  -16.4   2.634e-04   2.385e-04    2.393e-04  
  -16.5   2.348e-04   2.116e-04    2.123e-04  
  -16.6   2.093e-04   1.877e-04    1.883e-04  
  -16.7   1.865e-04   1.664e-04    1.670e-04  
  -16.8   1.662e-04   1.475e-04    1.480e-04  
  -16.9   1.481e-04   1.307e-04    1.310e-04  
  -17.0   1.319e-04   1.157e-04    1.159e-04  
  -17.1   1.174e-04   1.024e-04    1.024e-04  
  -17.2   1.044e-04   9.045e-05    9.030e-05  
  -17.3   9.285e-05   7.982e-05    7.950e-05  
  -17.4   8.247e-05   7.033e-05    6.982e-05  
  -17.5   7.316e-05   6.185e-05    6.114e-05  
  -17.6   6.481e-05   5.427e-05    5.337e-05  
  -17.7   5.731e-05   4.750e-05    4.641e-05  
  -17.8   5.057e-05   4.144e-05    4.017e-05  
  -17.9   4.452e-05   3.603e-05    3.460e-05  
  -18.0   3.909e-05   3.120e-05    2.963e-05  
  -18.1   3.421e-05   2.690e-05    2.522e-05  
  -18.2   2.984e-05   2.308e-05    2.132e-05  
  -18.3   2.593e-05   1.970e-05    1.789e-05  
  -18.4   2.243e-05   1.672e-05    1.489e-05  
  -18.5   1.932e-05   1.410e-05    1.229e-05  
  -18.6   1.656e-05   1.181e-05    1.004e-05  
  -18.7   1.412e-05   9.823e-06    8.132e-06  
  -18.8   1.197e-05   8.110e-06    6.516e-06  
  -18.9   1.008e-05   6.643e-06    5.166e-06  
  -19.0   8.443e-06   5.396e-06    4.050e-06  
  -19.1   7.022e-06   4.346e-06    3.138e-06  
  -19.2   5.800e-06   3.468e-06    2.402e-06  
  -19.3   4.756e-06   2.742e-06    1.817e-06  
  -19.4   3.871e-06   2.148e-06    1.356e-06  
  -19.5   3.126e-06   1.665e-06    9.997e-07  
  -19.6   2.505e-06   1.278e-06    7.271e-07  
  -19.7   1.990e-06   9.704e-07    5.217e-07  
  -19.8   1.569e-06   7.290e-07    3.693e-07  
  -19.9   1.226e-06   5.417e-07    2.577e-07  
  -20.0   9.496e-07   3.979e-07    1.774e-07  
  -20.1   7.293e-07   2.890e-07    1.204e-07  
  -20.2   5.551e-07   2.074e-07    8.053e-08  
  -20.3   4.188e-07   1.471e-07    5.310e-08  
  -20.4   3.132e-07   1.030e-07    3.451e-08  
  -20.5   2.321e-07   7.124e-08    2.211e-08  
  -20.6   1.705e-07   4.865e-08    1.395e-08  
  -20.7   1.241e-07   3.280e-08    8.680e-09  
  -20.8   8.952e-08   2.182e-08    5.321e-09  
  -20.9   6.401e-08   1.432e-08    3.214e-09  
  -21.0   4.536e-08   9.272e-09    1.913e-09  
  -21.1   3.187e-08   5.921e-09    1.121e-09  
  -21.2   2.219e-08   3.729e-09    6.477e-10  
  -21.3   1.532e-08   2.315e-09    3.686e-10  
  -21.4   1.049e-08   1.417e-09    2.066e-10  
  -21.5   7.120e-09   8.546e-10    1.140e-10  
  -21.6   4.793e-09   5.080e-10    6.198e-11  
  -21.7   3.200e-09   2.975e-10    3.317e-11  
  -21.8   2.120e-09   1.717e-10    1.748e-11  
  -21.9   1.393e-09   9.757e-11    9.073e-12  
  -22.0   9.076e-10   5.463e-11    4.634e-12  
  -22.1   5.870e-10   3.012e-11    2.330e-12  
  -22.2   3.767e-10   1.636e-11    1.153e-12  
  -22.3   2.399e-10   8.745e-12    5.618e-13  
  -22.4   1.516e-10   4.604e-12    2.693e-13  
  -22.5   9.509e-11   2.386e-12    1.270e-13  
  -22.6   5.919e-11   1.217e-12    5.897e-14  
  -22.7   3.657e-11   6.115e-13    2.693e-14  
  -22.8   2.242e-11   3.023e-13    1.210e-14  
  -22.9   1.365e-11   1.471e-13    5.353e-15  
  -23.0   8.244e-12   7.047e-14    2.329e-15  
  -23.1   4.942e-12   3.321e-14    9.970e-16  
  -23.2   2.940e-12   1.541e-14    4.199e-16  
  -23.3   1.736e-12   7.032e-15    1.740e-16  
  -23.4   1.017e-12   3.158e-15    7.095e-17  
  -23.5   5.910e-13   1.396e-15    2.846e-17  
  -23.6   3.408e-13   6.069e-16    1.123e-17  
  -23.7   1.950e-13   2.596e-16    4.362e-18  
  -23.8   1.107e-13   1.093e-16    1.667e-18  
  -23.9   6.230e-14   4.523e-17    6.265e-19  
  -24.0   3.478e-14   1.842e-17    2.317e-19  
  -24.1   1.925e-14   7.381e-18    8.433e-20  
  -24.2   1.057e-14   2.909e-18    3.020e-20  
  -24.3   5.750e-15   1.127e-18    1.064e-20  
  -24.4   3.101e-15   4.298e-19    3.690e-21  
  -24.5   1.658e-15   1.612e-19    1.259e-21  
  -24.6   8.781e-16   5.943e-20    4.228e-22  
  -24.7   4.608e-16   2.156e-20    1.397e-22  
  -24.8   2.395e-16   7.688e-21    4.544e-23  
  -24.9   1.233e-16   2.697e-21    1.454e-23  
  -25.0   6.287e-17   9.302e-22    4.582e-24  
  -25.1   3.173e-17   3.155e-22    1.421e-24  
  -25.2   1.585e-17   1.052e-22    4.336e-25  
  -25.3   7.832e-18   3.451e-23    1.303e-25  
  -25.4   3.829e-18   1.113e-23    3.854e-26  
  -25.5   1.852e-18   3.529e-24    1.122e-26  
  -25.6   8.856e-19   1.100e-24    3.217e-27  
  -25.7   4.186e-19   3.372e-25    9.083e-28  
  -25.8   1.956e-19   1.016e-25    2.525e-28  
  -25.9   9.030e-20   3.011e-26    6.913e-29  
  -26.0   4.118e-20   8.772e-27    1.864e-29  
  -26.1   1.855e-20   2.512e-27    4.950e-30  
  -26.2   8.250e-21   7.074e-28    1.295e-30  
  -26.3   3.622e-21   1.958e-28    3.337e-31  
  -26.4   1.569e-21   5.328e-29    8.475e-32  
  -26.5   6.709e-22   1.425e-29    2.120e-32  
  -26.6   2.829e-22   3.748e-30    5.229e-33  
  -26.7   1.177e-22   9.688e-31    1.271e-33  
  -26.8   4.828e-23   2.462e-31    3.045e-34  
  -26.9   1.952e-23   6.150e-32    7.191e-35  
  -27.0   7.783e-24   1.510e-32    1.675e-35  
  -27.1   3.058e-24   3.645e-33    3.846e-36  
  -27.2   1.184e-24   8.647e-34    8.712e-37  
  -27.3   4.515e-25   2.017e-34    1.947e-37  
  -27.4   1.696e-25   4.623e-35    4.291e-38  
  -27.5   6.278e-26   1.042e-35    9.336e-39  
  -27.6   2.288e-26   2.307e-36    2.004e-39  
  -27.7   8.212e-27   5.022e-37    4.247e-40  
  -27.8   2.902e-27   1.074e-37    8.886e-41  
  -27.9   1.009e-27   2.260e-38    1.836e-41  
  -28.0   3.457e-28   4.671e-39    3.745e-42  
