# z=18.5: redshift
# eps=0.9: maximum star formation efficiency for FFB
# -----
# MUV, Phi=dN/dMUV [cMpc^-3 Mag^-1]
#   [none, disc, shell], extinction models: no dust, disc mode, or shell mode
#     extinction for shell mode is stronger that for disc mode, see details in Li, Dekel+23
    MUV   Phi[none]   Phi[disc]   Phi[shell]  
  -14.0   7.148e-04   7.008e-04    7.007e-04  
  -14.1   6.579e-04   6.444e-04    6.444e-04  
  -14.2   6.059e-04   5.929e-04    5.929e-04  
  -14.3   5.583e-04   5.458e-04    5.458e-04  
  -14.4   5.146e-04   5.025e-04    5.025e-04  
  -14.5   4.744e-04   4.628e-04    4.628e-04  
  -14.6   4.375e-04   4.263e-04    4.262e-04  
  -14.7   4.035e-04   3.926e-04    3.926e-04  
  -14.8   3.721e-04   3.616e-04    3.616e-04  
  -14.9   3.432e-04   3.330e-04    3.330e-04  
  -15.0   3.165e-04   3.066e-04    3.066e-04  
  -15.1   2.918e-04   2.823e-04    2.822e-04  
  -15.2   2.690e-04   2.598e-04    2.598e-04  
  -15.3   2.480e-04   2.391e-04    2.390e-04  
  -15.4   2.286e-04   2.199e-04    2.198e-04  
  -15.5   2.106e-04   2.022e-04    2.021e-04  
  -15.6   1.939e-04   1.858e-04    1.858e-04  
  -15.7   1.786e-04   1.707e-04    1.707e-04  
  -15.8   1.644e-04   1.568e-04    1.567e-04  
  -15.9   1.512e-04   1.439e-04    1.438e-04  
  -16.0   1.391e-04   1.320e-04    1.319e-04  
  -16.1   1.279e-04   1.210e-04    1.210e-04  
  -16.2   1.175e-04   1.109e-04    1.108e-04  
  -16.3   1.079e-04   1.015e-04    1.015e-04  
  -16.4   9.904e-05   9.290e-05    9.281e-05  
  -16.5   9.085e-05   8.492e-05    8.484e-05  
  -16.6   8.328e-05   7.757e-05    7.749e-05  
  -16.7   7.629e-05   7.078e-05    7.070e-05  
  -16.8   6.983e-05   6.452e-05    6.445e-05  
  -16.9   6.387e-05   5.875e-05    5.868e-05  
  -17.0   5.836e-05   5.343e-05    5.336e-05  
  -17.1   5.327e-05   4.852e-05    4.846e-05  
  -17.2   4.857e-05   4.399e-05    4.394e-05  
  -17.3   4.423e-05   3.982e-05    3.978e-05  
  -17.4   4.023e-05   3.598e-05    3.595e-05  
  -17.5   3.654e-05   3.244e-05    3.242e-05  
  -17.6   3.313e-05   2.918e-05    2.917e-05  
  -17.7   2.999e-05   2.618e-05    2.618e-05  
  -17.8   2.709e-05   2.343e-05    2.344e-05  
  -17.9   2.442e-05   2.090e-05    2.092e-05  
  -18.0   2.196e-05   1.858e-05    1.861e-05  
  -18.1   1.970e-05   1.647e-05    1.650e-05  
  -18.2   1.763e-05   1.453e-05    1.457e-05  
  -18.3   1.572e-05   1.277e-05    1.281e-05  
  -18.4   1.398e-05   1.118e-05    1.122e-05  
  -18.5   1.238e-05   9.732e-06    9.771e-06  
  -18.6   1.093e-05   8.431e-06    8.467e-06  
  -18.7   9.609e-06   7.265e-06    7.296e-06  
  -18.8   8.410e-06   6.224e-06    6.250e-06  
  -18.9   7.328e-06   5.300e-06    5.320e-06  
  -19.0   6.353e-06   4.485e-06    4.498e-06  
  -19.1   5.480e-06   3.770e-06    3.776e-06  
  -19.2   4.701e-06   3.147e-06    3.146e-06  
  -19.3   4.010e-06   2.608e-06    2.601e-06  
  -19.4   3.401e-06   2.145e-06    2.133e-06  
  -19.5   2.866e-06   1.751e-06    1.735e-06  
  -19.6   2.400e-06   1.418e-06    1.398e-06  
  -19.7   1.996e-06   1.138e-06    1.116e-06  
  -19.8   1.649e-06   9.062e-07    8.832e-07  
  -19.9   1.352e-06   7.151e-07    6.918e-07  
  -20.0   1.101e-06   5.591e-07    5.364e-07  
  -20.1   8.899e-07   4.332e-07    4.116e-07  
  -20.2   7.138e-07   3.323e-07    3.124e-07  
  -20.3   5.681e-07   2.525e-07    2.345e-07  
  -20.4   4.485e-07   1.899e-07    1.741e-07  
  -20.5   3.513e-07   1.413e-07    1.277e-07  
  -20.6   2.730e-07   1.041e-07    9.257e-08  
  -20.7   2.104e-07   7.578e-08    6.629e-08  
  -20.8   1.608e-07   5.458e-08    4.688e-08  
  -20.9   1.219e-07   3.886e-08    3.273e-08  
  -21.0   9.158e-08   2.734e-08    2.256e-08  
  -21.1   6.825e-08   1.901e-08    1.534e-08  
  -21.2   5.044e-08   1.306e-08    1.029e-08  
  -21.3   3.696e-08   8.858e-09    6.813e-09  
  -21.4   2.685e-08   5.933e-09    4.447e-09  
  -21.5   1.935e-08   3.923e-09    2.861e-09  
  -21.6   1.382e-08   2.560e-09    1.815e-09  
  -21.7   9.790e-09   1.649e-09    1.135e-09  
  -21.8   6.877e-09   1.047e-09    6.990e-10  
  -21.9   4.790e-09   6.564e-10    4.243e-10  
  -22.0   3.309e-09   4.057e-10    2.537e-10  
  -22.1   2.267e-09   2.473e-10    1.494e-10  
  -22.2   1.540e-09   1.486e-10    8.663e-11  
  -22.3   1.038e-09   8.803e-11    4.947e-11  
  -22.4   6.939e-10   5.140e-11    2.782e-11  
  -22.5   4.600e-10   2.958e-11    1.540e-11  
  -22.6   3.026e-10   1.677e-11    8.389e-12  
  -22.7   1.974e-10   9.371e-12    4.499e-12  
  -22.8   1.278e-10   5.158e-12    2.375e-12  
  -22.9   8.205e-11   2.797e-12    1.234e-12  
  -23.0   5.227e-11   1.494e-12    6.305e-13  
  -23.1   3.304e-11   7.859e-13    3.171e-13  
  -23.2   2.072e-11   4.071e-13    1.569e-13  
  -23.3   1.289e-11   2.077e-13    7.639e-14  
  -23.4   7.957e-12   1.043e-13    3.659e-14  
  -23.5   4.874e-12   5.159e-14    1.724e-14  
  -23.6   2.962e-12   2.512e-14    7.989e-15  
  -23.7   1.786e-12   1.204e-14    3.642e-15  
  -23.8   1.068e-12   5.679e-15    1.633e-15  
  -23.9   6.338e-13   2.637e-15    7.201e-16  
  -24.0   3.731e-13   1.205e-15    3.123e-16  
  -24.1   2.179e-13   5.419e-16    1.332e-16  
  -24.2   1.262e-13   2.398e-16    5.587e-17  
  -24.3   7.248e-14   1.044e-16    2.305e-17  
  -24.4   4.128e-14   4.475e-17    9.347e-18  
  -24.5   2.332e-14   1.887e-17    3.728e-18  
  -24.6   1.305e-14   7.826e-18    1.462e-18  
  -24.7   7.244e-15   3.193e-18    5.637e-19  
  -24.8   3.984e-15   1.282e-18    2.137e-19  
  -24.9   2.171e-15   5.062e-19    7.965e-20  
  -25.0   1.172e-15   1.966e-19    2.919e-20  
  -25.1   6.267e-16   7.512e-20    1.052e-20  
  -25.2   3.318e-16   2.823e-20    3.725e-21  
  -25.3   1.739e-16   1.043e-20    1.297e-21  
  -25.4   9.020e-17   3.792e-21    4.440e-22  
  -25.5   4.629e-17   1.356e-21    1.494e-22  
  -25.6   2.350e-17   4.766e-22    4.942e-23  
  -25.7   1.180e-17   1.648e-22    1.607e-23  
  -25.8   5.854e-18   5.601e-23    5.137e-24  
  -25.9   2.871e-18   1.872e-23    1.614e-24  
  -26.0   1.392e-18   6.155e-24    4.985e-25  
  -26.1   6.662e-19   1.989e-24    1.513e-25  
  -26.2   3.150e-19   6.322e-25    4.516e-26  
  -26.3   1.470e-19   1.975e-25    1.324e-26  
  -26.4   6.773e-20   6.069e-26    3.818e-27  
  -26.5   3.079e-20   1.833e-26    1.082e-27  
  -26.6   1.381e-20   5.443e-27    3.013e-28  
  -26.7   6.110e-21   1.589e-27    8.248e-29  
  -26.8   2.665e-21   4.561e-28    2.219e-29  
  -26.9   1.146e-21   1.287e-28    5.867e-30  
  -27.0   4.860e-22   3.570e-29    1.525e-30  
  -27.1   2.031e-22   9.734e-30    3.895e-31  
  -27.2   8.362e-23   2.609e-30    9.776e-32  
  -27.3   3.392e-23   6.875e-31    2.412e-32  
  -27.4   1.356e-23   1.781e-31    5.848e-33  
  -27.5   5.335e-24   4.534e-32    1.393e-33  
  -27.6   2.068e-24   1.135e-32    3.263e-34  
  -27.7   7.891e-25   2.791e-33    7.510e-35  
  -27.8   2.965e-25   6.750e-34    1.699e-35  
  -27.9   1.097e-25   1.604e-34    3.776e-36  
  -28.0   3.993e-26   3.748e-35    8.248e-37  
