# z=15.0: redshift
# eps=1.0: maximum star formation efficiency for FFB
# -----
# MUV, Phi=dN/dMUV [cMpc^-3 Mag^-1]
#   [none, disc, shell], extinction models: no dust, disc mode, or shell mode
#     extinction for shell mode is stronger that for disc mode, see details in Li, Dekel+23
    MUV   Phi[none]   Phi[disc]   Phi[shell]  
  -15.0   2.416e-03   2.330e-03    2.330e-03  
  -15.1   2.224e-03   2.141e-03    2.142e-03  
  -15.2   2.048e-03   1.968e-03    1.968e-03  
  -15.3   1.886e-03   1.809e-03    1.809e-03  
  -15.4   1.737e-03   1.662e-03    1.662e-03  
  -15.5   1.600e-03   1.527e-03    1.528e-03  
  -15.6   1.474e-03   1.404e-03    1.404e-03  
  -15.7   1.357e-03   1.290e-03    1.290e-03  
  -15.8   1.250e-03   1.185e-03    1.185e-03  
  -15.9   1.152e-03   1.089e-03    1.089e-03  
  -16.0   1.061e-03   1.000e-03    1.001e-03  
  -16.1   9.777e-04   9.190e-04    9.192e-04  
  -16.2   9.008e-04   8.441e-04    8.443e-04  
  -16.3   8.300e-04   7.753e-04    7.755e-04  
  -16.4   7.648e-04   7.119e-04    7.121e-04  
  -16.5   7.047e-04   6.537e-04    6.539e-04  
  -16.6   6.493e-04   6.001e-04    6.003e-04  
  -16.7   5.983e-04   5.508e-04    5.510e-04  
  -16.8   5.512e-04   5.054e-04    5.056e-04  
  -16.9   5.079e-04   4.637e-04    4.639e-04  
  -17.0   4.679e-04   4.253e-04    4.255e-04  
  -17.1   4.310e-04   3.899e-04    3.902e-04  
  -17.2   3.970e-04   3.574e-04    3.576e-04  
  -17.3   3.656e-04   3.275e-04    3.277e-04  
  -17.4   3.367e-04   2.999e-04    3.002e-04  
  -17.5   3.100e-04   2.746e-04    2.748e-04  
  -17.6   2.853e-04   2.512e-04    2.515e-04  
  -17.7   2.626e-04   2.298e-04    2.300e-04  
  -17.8   2.415e-04   2.100e-04    2.102e-04  
  -17.9   2.221e-04   1.918e-04    1.920e-04  
  -18.0   2.042e-04   1.750e-04    1.753e-04  
  -18.1   1.876e-04   1.596e-04    1.599e-04  
  -18.2   1.723e-04   1.454e-04    1.456e-04  
  -18.3   1.582e-04   1.323e-04    1.325e-04  
  -18.4   1.451e-04   1.202e-04    1.205e-04  
  -18.5   1.330e-04   1.091e-04    1.094e-04  
  -18.6   1.218e-04   9.890e-05    9.913e-05  
  -18.7   1.114e-04   8.948e-05    8.970e-05  
  -18.8   1.018e-04   8.081e-05    8.101e-05  
  -18.9   9.293e-05   7.283e-05    7.299e-05  
  -19.0   8.471e-05   6.549e-05    6.562e-05  
  -19.1   7.710e-05   5.875e-05    5.882e-05  
  -19.2   7.006e-05   5.255e-05    5.257e-05  
  -19.3   6.354e-05   4.687e-05    4.683e-05  
  -19.4   5.750e-05   4.167e-05    4.155e-05  
  -19.5   5.192e-05   3.691e-05    3.672e-05  
  -19.6   4.676e-05   3.258e-05    3.231e-05  
  -19.7   4.200e-05   2.863e-05    2.828e-05  
  -19.8   3.760e-05   2.506e-05    2.463e-05  
  -19.9   3.356e-05   2.183e-05    2.132e-05  
  -20.0   2.984e-05   1.893e-05    1.834e-05  
  -20.1   2.643e-05   1.633e-05    1.568e-05  
  -20.2   2.331e-05   1.401e-05    1.330e-05  
  -20.3   2.046e-05   1.195e-05    1.121e-05  
  -20.4   1.788e-05   1.013e-05    9.363e-06  
  -20.5   1.554e-05   8.539e-06    7.759e-06  
  -20.6   1.344e-05   7.149e-06    6.373e-06  
  -20.7   1.155e-05   5.945e-06    5.187e-06  
  -20.8   9.872e-06   4.908e-06    4.181e-06  
  -20.9   8.383e-06   4.022e-06    3.338e-06  
  -21.0   7.072e-06   3.270e-06    2.637e-06  
  -21.1   5.925e-06   2.636e-06    2.061e-06  
  -21.2   4.930e-06   2.107e-06    1.593e-06  
  -21.3   4.072e-06   1.669e-06    1.218e-06  
  -21.4   3.338e-06   1.310e-06    9.198e-07  
  -21.5   2.715e-06   1.018e-06    6.865e-07  
  -21.6   2.191e-06   7.828e-07    5.061e-07  
  -21.7   1.754e-06   5.956e-07    3.683e-07  
  -21.8   1.393e-06   4.482e-07    2.646e-07  
  -21.9   1.097e-06   3.334e-07    1.876e-07  
  -22.0   8.567e-07   2.451e-07    1.312e-07  
  -22.1   6.634e-07   1.780e-07    9.047e-08  
  -22.2   5.093e-07   1.277e-07    6.151e-08  
  -22.3   3.876e-07   9.040e-08    4.122e-08  
  -22.4   2.924e-07   6.319e-08    2.723e-08  
  -22.5   2.187e-07   4.358e-08    1.772e-08  
  -22.6   1.622e-07   2.965e-08    1.136e-08  
  -22.7   1.192e-07   1.990e-08    7.169e-09  
  -22.8   8.688e-08   1.317e-08    4.456e-09  
  -22.9   6.277e-08   8.595e-09    2.728e-09  
  -23.0   4.496e-08   5.530e-09    1.643e-09  
  -23.1   3.193e-08   3.506e-09    9.747e-10  
  -23.2   2.248e-08   2.191e-09    5.690e-10  
  -23.3   1.570e-08   1.349e-09    3.269e-10  
  -23.4   1.087e-08   8.186e-10    1.848e-10  
  -23.5   7.464e-09   4.893e-10    1.028e-10  
  -23.6   5.083e-09   2.881e-10    5.625e-11  
  -23.7   3.434e-09   1.671e-10    3.029e-11  
  -23.8   2.302e-09   9.541e-11    1.605e-11  
  -23.9   1.530e-09   5.366e-11    8.362e-12  
  -24.0   1.009e-09   2.972e-11    4.287e-12  
  -24.1   6.605e-10   1.620e-11    2.162e-12  
  -24.2   4.289e-10   8.698e-12    1.072e-12  
  -24.3   2.764e-10   4.596e-12    5.230e-13  
  -24.4   1.767e-10   2.391e-12    2.510e-13  
  -24.5   1.121e-10   1.224e-12    1.184e-13  
  -24.6   7.060e-11   6.168e-13    5.497e-14  
  -24.7   4.411e-11   3.058e-13    2.509e-14  
  -24.8   2.736e-11   1.492e-13    1.126e-14  
  -24.9   1.683e-11   7.167e-14    4.972e-15  
  -25.0   1.028e-11   3.386e-14    2.159e-15  
  -25.1   6.229e-12   1.574e-14    9.215e-16  
  -25.2   3.746e-12   7.200e-15    3.868e-16  
  -25.3   2.235e-12   3.240e-15    1.597e-16  
  -25.4   1.323e-12   1.434e-15    6.481e-17  
  -25.5   7.771e-13   6.245e-16    2.587e-17  
  -25.6   4.528e-13   2.675e-16    1.015e-17  
  -25.7   2.617e-13   1.127e-16    3.918e-18  
  -25.8   1.500e-13   4.670e-17    1.486e-18  
  -25.9   8.532e-14   1.903e-17    5.546e-19  
  -26.0   4.811e-14   7.629e-18    2.034e-19  
  -26.1   2.690e-14   3.007e-18    7.337e-20  
  -26.2   1.492e-14   1.166e-18    2.602e-20  
  -26.3   8.199e-15   4.445e-19    9.072e-21  
  -26.4   4.467e-15   1.666e-19    3.110e-21  
  -26.5   2.412e-15   6.143e-20    1.048e-21  
  -26.6   1.291e-15   2.227e-20    3.474e-22  
  -26.7   6.842e-16   7.938e-21    1.132e-22  
  -26.8   3.593e-16   2.782e-21    3.625e-23  
  -26.9   1.869e-16   9.587e-22    1.142e-23  
  -27.0   9.626e-17   3.248e-22    3.535e-24  
  -27.1   4.908e-17   1.082e-22    1.076e-24  
  -27.2   2.477e-17   3.544e-23    3.221e-25  
  -27.3   1.237e-17   1.141e-23    9.480e-26  
  -27.4   6.113e-18   3.612e-24    2.743e-26  
  -27.5   2.988e-18   1.124e-24    7.802e-27  
  -27.6   1.444e-18   3.439e-25    2.182e-27  
  -27.7   6.900e-19   1.034e-25    5.999e-28  
  -27.8   3.258e-19   3.058e-26    1.622e-28  
  -27.9   1.521e-19   8.887e-27    4.311e-29  
  -28.0   7.011e-20   2.539e-27    1.126e-29  
