# z=8.5: redshift
# eps=0.6: maximum star formation efficiency for FFB
# -----
# MUV, Phi=dN/dMUV [cMpc^-3 Mag^-1]
#   [none, disc, shell], extinction models: no dust, disc mode, or shell mode
#     extinction for shell mode is stronger that for disc mode, see details in Li, Dekel+23
    MUV   Phi[none]   Phi[disc]   Phi[shell]  
  -14.0   5.434e-02   5.298e-02    5.298e-02  
  -14.1   5.014e-02   4.882e-02    4.882e-02  
  -14.2   4.626e-02   4.497e-02    4.497e-02  
  -14.3   4.266e-02   4.141e-02    4.141e-02  
  -14.4   3.934e-02   3.812e-02    3.812e-02  
  -14.5   3.627e-02   3.508e-02    3.508e-02  
  -14.6   3.343e-02   3.227e-02    3.227e-02  
  -14.7   3.080e-02   2.968e-02    2.968e-02  
  -14.8   2.838e-02   2.729e-02    2.729e-02  
  -14.9   2.614e-02   2.509e-02    2.509e-02  
  -15.0   2.408e-02   2.306e-02    2.306e-02  
  -15.1   2.217e-02   2.118e-02    2.118e-02  
  -15.2   2.041e-02   1.945e-02    1.945e-02  
  -15.3   1.879e-02   1.786e-02    1.786e-02  
  -15.4   1.729e-02   1.640e-02    1.640e-02  
  -15.5   1.592e-02   1.505e-02    1.505e-02  
  -15.6   1.465e-02   1.381e-02    1.381e-02  
  -15.7   1.348e-02   1.267e-02    1.267e-02  
  -15.8   1.240e-02   1.162e-02    1.162e-02  
  -15.9   1.141e-02   1.065e-02    1.065e-02  
  -16.0   1.050e-02   9.765e-03    9.765e-03  
  -16.1   9.655e-03   8.950e-03    8.950e-03  
  -16.2   8.882e-03   8.201e-03    8.202e-03  
  -16.3   8.170e-03   7.514e-03    7.515e-03  
  -16.4   7.516e-03   6.883e-03    6.884e-03  
  -16.5   6.914e-03   6.304e-03    6.305e-03  
  -16.6   6.360e-03   5.773e-03    5.774e-03  
  -16.7   5.851e-03   5.286e-03    5.286e-03  
  -16.8   5.383e-03   4.839e-03    4.840e-03  
  -16.9   4.953e-03   4.429e-03    4.430e-03  
  -17.0   4.558e-03   4.053e-03    4.054e-03  
  -17.1   4.194e-03   3.709e-03    3.710e-03  
  -17.2   3.860e-03   3.394e-03    3.395e-03  
  -17.3   3.553e-03   3.105e-03    3.106e-03  
  -17.4   3.271e-03   2.840e-03    2.841e-03  
  -17.5   3.011e-03   2.597e-03    2.599e-03  
  -17.6   2.773e-03   2.375e-03    2.377e-03  
  -17.7   2.553e-03   2.172e-03    2.174e-03  
  -17.8   2.352e-03   1.986e-03    1.987e-03  
  -17.9   2.167e-03   1.815e-03    1.817e-03  
  -18.0   1.996e-03   1.659e-03    1.661e-03  
  -18.1   1.840e-03   1.516e-03    1.518e-03  
  -18.2   1.695e-03   1.385e-03    1.388e-03  
  -18.3   1.563e-03   1.265e-03    1.268e-03  
  -18.4   1.441e-03   1.156e-03    1.159e-03  
  -18.5   1.329e-03   1.055e-03    1.059e-03  
  -18.6   1.225e-03   9.635e-04    9.671e-04  
  -18.7   1.130e-03   8.794e-04    8.834e-04  
  -18.8   1.043e-03   8.025e-04    8.068e-04  
  -18.9   9.622e-04   7.321e-04    7.368e-04  
  -19.0   8.880e-04   6.677e-04    6.729e-04  
  -19.1   8.196e-04   6.088e-04    6.144e-04  
  -19.2   7.565e-04   5.549e-04    5.609e-04  
  -19.3   6.984e-04   5.056e-04    5.121e-04  
  -19.4   6.448e-04   4.605e-04    4.675e-04  
  -19.5   5.954e-04   4.192e-04    4.267e-04  
  -19.6   5.498e-04   3.815e-04    3.894e-04  
  -19.7   5.078e-04   3.471e-04    3.553e-04  
  -19.8   4.689e-04   3.156e-04    3.240e-04  
  -19.9   4.331e-04   2.868e-04    2.955e-04  
  -20.0   4.000e-04   2.605e-04    2.692e-04  
  -20.1   3.694e-04   2.365e-04    2.452e-04  
  -20.2   3.412e-04   2.146e-04    2.231e-04  
  -20.3   3.151e-04   1.946e-04    2.027e-04  
  -20.4   2.909e-04   1.764e-04    1.840e-04  
  -20.5   2.686e-04   1.598e-04    1.667e-04  
  -20.6   2.479e-04   1.447e-04    1.506e-04  
  -20.7   2.288e-04   1.309e-04    1.358e-04  
  -20.8   2.111e-04   1.184e-04    1.221e-04  
  -20.9   1.947e-04   1.070e-04    1.094e-04  
  -21.0   1.796e-04   9.662e-05    9.757e-05  
  -21.1   1.655e-04   8.720e-05    8.667e-05  
  -21.2   1.525e-04   7.865e-05    7.660e-05  
  -21.3   1.404e-04   7.088e-05    6.733e-05  
  -21.4   1.292e-04   6.384e-05    5.884e-05  
  -21.5   1.188e-04   5.744e-05    5.108e-05  
  -21.6   1.091e-04   5.163e-05    4.404e-05  
  -21.7   1.001e-04   4.636e-05    3.768e-05  
  -21.8   9.181e-05   4.157e-05    3.199e-05  
  -21.9   8.408e-05   3.723e-05    2.694e-05  
  -22.0   7.689e-05   3.327e-05    2.248e-05  
  -22.1   7.022e-05   2.968e-05    1.860e-05  
  -22.2   6.402e-05   2.641e-05    1.524e-05  
  -22.3   5.826e-05   2.343e-05    1.236e-05  
  -22.4   5.291e-05   2.072e-05    9.932e-06  
  -22.5   4.796e-05   1.826e-05    7.898e-06  
  -22.6   4.336e-05   1.602e-05    6.215e-06  
  -22.7   3.910e-05   1.398e-05    4.840e-06  
  -22.8   3.516e-05   1.214e-05    3.730e-06  
  -22.9   3.152e-05   1.048e-05    2.844e-06  
  -23.0   2.817e-05   8.993e-06    2.146e-06  
  -23.1   2.509e-05   7.660e-06    1.602e-06  
  -23.2   2.226e-05   6.476e-06    1.184e-06  
  -23.3   1.967e-05   5.432e-06    8.660e-07  
  -23.4   1.730e-05   4.517e-06    6.272e-07  
  -23.5   1.516e-05   3.724e-06    4.500e-07  
  -23.6   1.321e-05   3.041e-06    3.198e-07  
  -23.7   1.146e-05   2.460e-06    2.252e-07  
  -23.8   9.886e-06   1.970e-06    1.572e-07  
  -23.9   8.481e-06   1.562e-06    1.087e-07  
  -24.0   7.233e-06   1.225e-06    7.459e-08  
  -24.1   6.131e-06   9.506e-07    5.072e-08  
  -24.2   5.164e-06   7.297e-07    3.420e-08  
  -24.3   4.321e-06   5.539e-07    2.286e-08  
  -24.4   3.590e-06   4.158e-07    1.515e-08  
  -24.5   2.961e-06   3.086e-07    9.948e-09  
  -24.6   2.425e-06   2.264e-07    6.473e-09  
  -24.7   1.970e-06   1.642e-07    4.172e-09  
  -24.8   1.589e-06   1.177e-07    2.663e-09  
  -24.9   1.270e-06   8.341e-08    1.683e-09  
  -25.0   1.007e-06   5.841e-08    1.053e-09  
  -25.1   7.920e-07   4.043e-08    6.522e-10  
  -25.2   6.173e-07   2.765e-08    3.996e-10  
  -25.3   4.768e-07   1.869e-08    2.423e-10  
  -25.4   3.649e-07   1.249e-08    1.453e-10  
  -25.5   2.767e-07   8.244e-09    8.619e-11  
  -25.6   2.079e-07   5.378e-09    5.057e-11  
  -25.7   1.546e-07   3.467e-09    2.935e-11  
  -25.8   1.139e-07   2.209e-09    1.684e-11  
  -25.9   8.311e-08   1.391e-09    9.561e-12  
  -26.0   6.003e-08   8.653e-10    5.367e-12  
  -26.1   4.292e-08   5.320e-10    2.979e-12  
  -26.2   3.037e-08   3.232e-10    1.635e-12  
  -26.3   2.128e-08   1.940e-10    8.878e-13  
  -26.4   1.475e-08   1.151e-10    4.766e-13  
  -26.5   1.012e-08   6.750e-11    2.530e-13  
  -26.6   6.875e-09   3.911e-11    1.329e-13  
  -26.7   4.621e-09   2.239e-11    6.897e-14  
  -26.8   3.074e-09   1.267e-11    3.541e-14  
  -26.9   2.023e-09   7.086e-12    1.798e-14  
  -27.0   1.318e-09   3.916e-12    9.027e-15  
  -27.1   8.500e-10   2.139e-12    4.482e-15  
  -27.2   5.425e-10   1.154e-12    2.200e-15  
  -27.3   3.428e-10   6.157e-13    1.068e-15  
  -27.4   2.144e-10   3.246e-13    5.130e-16  
  -27.5   1.327e-10   1.691e-13    2.436e-16  
  -27.6   8.137e-11   8.707e-14    1.144e-16  
  -27.7   4.939e-11   4.431e-14    5.310e-17  
  -27.8   2.969e-11   2.229e-14    2.438e-17  
  -27.9   1.768e-11   1.108e-14    1.107e-17  
  -28.0   1.043e-11   5.443e-15    4.971e-18  
