# z=15.5: redshift
# eps=0.3: maximum star formation efficiency for FFB
# -----
# MUV, Phi=dN/dMUV [cMpc^-3 Mag^-1]
#   [none, disc, shell], extinction models: no dust, disc mode, or shell mode
#     extinction for shell mode is stronger that for disc mode, see details in Li, Dekel+23
    MUV   Phi[none]   Phi[disc]   Phi[shell]  
  -15.0   1.146e-03   1.096e-03    1.096e-03  
  -15.1   1.032e-03   9.842e-04    9.846e-04  
  -15.2   9.293e-04   8.843e-04    8.847e-04  
  -15.3   8.372e-04   7.947e-04    7.951e-04  
  -15.4   7.544e-04   7.145e-04    7.149e-04  
  -15.5   6.802e-04   6.426e-04    6.430e-04  
  -15.6   6.135e-04   5.782e-04    5.786e-04  
  -15.7   5.537e-04   5.204e-04    5.208e-04  
  -15.8   5.000e-04   4.687e-04    4.690e-04  
  -15.9   4.517e-04   4.222e-04    4.226e-04  
  -16.0   4.083e-04   3.806e-04    3.809e-04  
  -16.1   3.693e-04   3.432e-04    3.435e-04  
  -16.2   3.341e-04   3.096e-04    3.099e-04  
  -16.3   3.025e-04   2.794e-04    2.797e-04  
  -16.4   2.740e-04   2.522e-04    2.525e-04  
  -16.5   2.482e-04   2.277e-04    2.280e-04  
  -16.6   2.250e-04   2.056e-04    2.059e-04  
  -16.7   2.040e-04   1.857e-04    1.860e-04  
  -16.8   1.850e-04   1.677e-04    1.680e-04  
  -16.9   1.677e-04   1.515e-04    1.517e-04  
  -17.0   1.521e-04   1.367e-04    1.369e-04  
  -17.1   1.379e-04   1.234e-04    1.236e-04  
  -17.2   1.250e-04   1.113e-04    1.114e-04  
  -17.3   1.133e-04   1.003e-04    1.004e-04  
  -17.4   1.026e-04   9.026e-05    9.032e-05  
  -17.5   9.282e-05   8.116e-05    8.117e-05  
  -17.6   8.392e-05   7.286e-05    7.282e-05  
  -17.7   7.579e-05   6.530e-05    6.520e-05  
  -17.8   6.836e-05   5.841e-05    5.824e-05  
  -17.9   6.157e-05   5.212e-05    5.188e-05  
  -18.0   5.536e-05   4.638e-05    4.607e-05  
  -18.1   4.967e-05   4.115e-05    4.077e-05  
  -18.2   4.447e-05   3.639e-05    3.593e-05  
  -18.3   3.971e-05   3.206e-05    3.152e-05  
  -18.4   3.536e-05   2.812e-05    2.751e-05  
  -18.5   3.139e-05   2.456e-05    2.388e-05  
  -18.6   2.778e-05   2.133e-05    2.060e-05  
  -18.7   2.448e-05   1.844e-05    1.766e-05  
  -18.8   2.149e-05   1.584e-05    1.502e-05  
  -18.9   1.879e-05   1.352e-05    1.269e-05  
  -19.0   1.635e-05   1.147e-05    1.062e-05  
  -19.1   1.415e-05   9.658e-06    8.820e-06  
  -19.2   1.219e-05   8.073e-06    7.255e-06  
  -19.3   1.044e-05   6.695e-06    5.911e-06  
  -19.4   8.888e-06   5.507e-06    4.767e-06  
  -19.5   7.521e-06   4.492e-06    3.804e-06  
  -19.6   6.324e-06   3.631e-06    3.002e-06  
  -19.7   5.282e-06   2.908e-06    2.343e-06  
  -19.8   4.381e-06   2.307e-06    1.807e-06  
  -19.9   3.608e-06   1.812e-06    1.377e-06  
  -20.0   2.949e-06   1.409e-06    1.037e-06  
  -20.1   2.393e-06   1.084e-06    7.708e-07  
  -20.2   1.926e-06   8.251e-07    5.657e-07  
  -20.3   1.539e-06   6.211e-07    4.098e-07  
  -20.4   1.219e-06   4.623e-07    2.929e-07  
  -20.5   9.583e-07   3.402e-07    2.066e-07  
  -20.6   7.470e-07   2.473e-07    1.437e-07  
  -20.7   5.774e-07   1.776e-07    9.856e-08  
  -20.8   4.426e-07   1.260e-07    6.667e-08  
  -20.9   3.364e-07   8.828e-08    4.446e-08  
  -21.0   2.535e-07   6.104e-08    2.922e-08  
  -21.1   1.894e-07   4.166e-08    1.893e-08  
  -21.2   1.403e-07   2.806e-08    1.208e-08  
  -21.3   1.030e-07   1.864e-08    7.599e-09  
  -21.4   7.503e-08   1.221e-08    4.708e-09  
  -21.5   5.417e-08   7.889e-09    2.873e-09  
  -21.6   3.878e-08   5.025e-09    1.726e-09  
  -21.7   2.753e-08   3.155e-09    1.022e-09  
  -21.8   1.938e-08   1.952e-09    5.952e-10  
  -21.9   1.353e-08   1.190e-09    3.414e-10  
  -22.0   9.366e-09   7.151e-10    1.927e-10  
  -22.1   6.431e-09   4.232e-10    1.071e-10  
  -22.2   4.380e-09   2.467e-10    5.856e-11  
  -22.3   2.959e-09   1.416e-10    3.151e-11  
  -22.4   1.983e-09   8.005e-11    1.668e-11  
  -22.5   1.318e-09   4.456e-11    8.689e-12  
  -22.6   8.697e-10   2.442e-11    4.452e-12  
  -22.7   5.691e-10   1.317e-11    2.244e-12  
  -22.8   3.696e-10   6.996e-12    1.113e-12  
  -22.9   2.381e-10   3.657e-12    5.426e-13  
  -23.0   1.522e-10   1.882e-12    2.602e-13  
  -23.1   9.657e-11   9.529e-13    1.228e-13  
  -23.2   6.080e-11   4.748e-13    5.694e-14  
  -23.3   3.798e-11   2.328e-13    2.597e-14  
  -23.4   2.354e-11   1.123e-13    1.165e-14  
  -23.5   1.448e-11   5.334e-14    5.140e-15  
  -23.6   8.841e-12   2.491e-14    2.229e-15  
  -23.7   5.355e-12   1.145e-14    9.507e-16  
  -23.8   3.219e-12   5.176e-15    3.987e-16  
  -23.9   1.919e-12   2.302e-15    1.644e-16  
  -24.0   1.136e-12   1.007e-15    6.663e-17  
  -24.1   6.666e-13   4.334e-16    2.656e-17  
  -24.2   3.882e-13   1.834e-16    1.041e-17  
  -24.3   2.242e-13   7.636e-17    4.009e-18  
  -24.4   1.285e-13   3.127e-17    1.518e-18  
  -24.5   7.300e-14   1.259e-17    5.654e-19  
  -24.6   4.114e-14   4.986e-18    2.070e-19  
  -24.7   2.299e-14   1.942e-18    7.449e-20  
  -24.8   1.274e-14   7.437e-19    2.635e-20  
  -24.9   6.994e-15   2.801e-19    9.166e-21  
  -25.0   3.808e-15   1.037e-19    3.134e-21  
  -25.1   2.054e-15   3.777e-20    1.053e-21  
  -25.2   1.098e-15   1.353e-20    3.481e-22  
  -25.3   5.816e-16   4.762e-21    1.131e-22  
  -25.4   3.051e-16   1.648e-21    3.610e-23  
  -25.5   1.585e-16   5.610e-22    1.133e-23  
  -25.6   8.156e-17   1.877e-22    3.496e-24  
  -25.7   4.154e-17   6.176e-23    1.060e-24  
  -25.8   2.094e-17   1.998e-23    3.161e-25  
  -25.9   1.044e-17   6.352e-24    9.264e-26  
  -26.0   5.152e-18   1.986e-24    2.669e-26  
  -26.1   2.514e-18   6.103e-25    7.557e-27  
  -26.2   1.213e-18   1.844e-25    2.104e-27  
  -26.3   5.784e-19   5.476e-26    5.756e-28  
  -26.4   2.726e-19   1.599e-26    1.548e-28  
  -26.5   1.269e-19   4.588e-27    4.092e-29  
  -26.6   5.840e-20   1.294e-27    1.063e-29  
  -26.7   2.653e-20   3.589e-28    2.716e-30  
  -26.8   1.190e-20   9.784e-29    6.819e-31  
  -26.9   5.267e-21   2.621e-29    1.683e-31  
  -27.0   2.301e-21   6.904e-30    4.082e-32  
  -27.1   9.916e-22   1.787e-30    9.734e-33  
  -27.2   4.216e-22   4.548e-31    2.281e-33  
  -27.3   1.768e-22   1.137e-31    5.255e-34  
  -27.4   7.308e-23   2.796e-32    1.190e-34  
  -27.5   2.978e-23   6.756e-33    2.649e-35  
  -27.6   1.196e-23   1.604e-33    5.795e-36  
  -27.7   4.736e-24   3.745e-34    1.246e-36  
  -27.8   1.847e-24   8.591e-35    2.634e-37  
  -27.9   7.099e-25   1.937e-35    5.472e-38  
  -28.0   2.687e-25   4.292e-36    1.117e-38  
