# z=22.5: redshift
# eps=0.6: maximum star formation efficiency for FFB
# -----
# MUV, Phi=dN/dMUV [cMpc^-3 Mag^-1]
#   [none, disc, shell], extinction models: no dust, disc mode, or shell mode
#     extinction for shell mode is stronger that for disc mode, see details in Li, Dekel+23
    MUV   Phi[none]   Phi[disc]   Phi[shell]  
  -15.0   1.867e-05   1.814e-05    1.812e-05  
  -15.1   1.703e-05   1.653e-05    1.650e-05  
  -15.2   1.553e-05   1.504e-05    1.502e-05  
  -15.3   1.414e-05   1.366e-05    1.364e-05  
  -15.4   1.286e-05   1.240e-05    1.238e-05  
  -15.5   1.168e-05   1.124e-05    1.122e-05  
  -15.6   1.060e-05   1.016e-05    1.015e-05  
  -15.7   9.597e-06   9.177e-06    9.166e-06  
  -15.8   8.678e-06   8.269e-06    8.262e-06  
  -15.9   7.833e-06   7.435e-06    7.431e-06  
  -16.0   7.057e-06   6.669e-06    6.668e-06  
  -16.1   6.344e-06   5.966e-06    5.969e-06  
  -16.2   5.691e-06   5.322e-06    5.328e-06  
  -16.3   5.091e-06   4.732e-06    4.741e-06  
  -16.4   4.543e-06   4.193e-06    4.206e-06  
  -16.5   4.042e-06   3.702e-06    3.718e-06  
  -16.6   3.585e-06   3.255e-06    3.273e-06  
  -16.7   3.169e-06   2.850e-06    2.870e-06  
  -16.8   2.791e-06   2.484e-06    2.506e-06  
  -16.9   2.448e-06   2.153e-06    2.177e-06  
  -17.0   2.139e-06   1.857e-06    1.882e-06  
  -17.1   1.860e-06   1.593e-06    1.618e-06  
  -17.2   1.610e-06   1.358e-06    1.383e-06  
  -17.3   1.387e-06   1.150e-06    1.175e-06  
  -17.4   1.189e-06   9.678e-07    9.917e-07  
  -17.5   1.013e-06   8.087e-07    8.315e-07  
  -17.6   8.585e-07   6.708e-07    6.922e-07  
  -17.7   7.230e-07   5.523e-07    5.720e-07  
  -17.8   6.052e-07   4.511e-07    4.691e-07  
  -17.9   5.033e-07   3.654e-07    3.816e-07  
  -18.0   4.157e-07   2.935e-07    3.078e-07  
  -18.1   3.410e-07   2.337e-07    2.462e-07  
  -18.2   2.778e-07   1.844e-07    1.951e-07  
  -18.3   2.246e-07   1.442e-07    1.533e-07  
  -18.4   1.802e-07   1.117e-07    1.193e-07  
  -18.5   1.435e-07   8.567e-08    9.192e-08  
  -18.6   1.134e-07   6.506e-08    7.013e-08  
  -18.7   8.891e-08   4.892e-08    5.297e-08  
  -18.8   6.914e-08   3.640e-08    3.960e-08  
  -18.9   5.332e-08   2.680e-08    2.929e-08  
  -19.0   4.079e-08   1.953e-08    2.143e-08  
  -19.1   3.094e-08   1.407e-08    1.551e-08  
  -19.2   2.327e-08   1.003e-08    1.109e-08  
  -19.3   1.736e-08   7.068e-09    7.848e-09  
  -19.4   1.284e-08   4.925e-09    5.487e-09  
  -19.5   9.413e-09   3.392e-09    3.791e-09  
  -19.6   6.843e-09   2.309e-09    2.588e-09  
  -19.7   4.932e-09   1.554e-09    1.745e-09  
  -19.8   3.524e-09   1.033e-09    1.163e-09  
  -19.9   2.497e-09   6.781e-10    7.647e-10  
  -20.0   1.754e-09   4.398e-10    4.966e-10  
  -20.1   1.222e-09   2.817e-10    3.183e-10  
  -20.2   8.436e-10   1.782e-10    2.014e-10  
  -20.3   5.776e-10   1.113e-10    1.257e-10  
  -20.4   3.922e-10   6.859e-11    7.744e-11  
  -20.5   2.641e-10   4.173e-11    4.705e-11  
  -20.6   1.763e-10   2.505e-11    2.820e-11  
  -20.7   1.168e-10   1.484e-11    1.667e-11  
  -20.8   7.669e-11   8.672e-12    9.711e-12  
  -20.9   4.996e-11   4.999e-12    5.579e-12  
  -21.0   3.228e-11   2.842e-12    3.159e-12  
  -21.1   2.068e-11   1.593e-12    1.763e-12  
  -21.2   1.315e-11   8.806e-13    9.698e-13  
  -21.3   8.291e-12   4.799e-13    5.256e-13  
  -21.4   5.186e-12   2.578e-13    2.806e-13  
  -21.5   3.218e-12   1.365e-13    1.476e-13  
  -21.6   1.980e-12   7.121e-14    7.646e-14  
  -21.7   1.209e-12   3.661e-14    3.901e-14  
  -21.8   7.319e-13   1.855e-14    1.960e-14  
  -21.9   4.395e-13   9.257e-15    9.698e-15  
  -22.0   2.617e-13   4.551e-15    4.724e-15  
  -22.1   1.545e-13   2.204e-15    2.266e-15  
  -22.2   9.043e-14   1.051e-15    1.070e-15  
  -22.3   5.247e-14   4.937e-16    4.971e-16  
  -22.4   3.017e-14   2.283e-16    2.274e-16  
  -22.5   1.719e-14   1.040e-16    1.024e-16  
  -22.6   9.704e-15   4.663e-17    4.536e-17  
  -22.7   5.425e-15   2.058e-17    1.978e-17  
  -22.8   3.003e-15   8.944e-18    8.484e-18  
  -22.9   1.645e-15   3.826e-18    3.581e-18  
  -23.0   8.921e-16   1.611e-18    1.487e-18  
  -23.1   4.785e-16   6.674e-19    6.077e-19  
  -23.2   2.539e-16   2.722e-19    2.443e-19  
  -23.3   1.332e-16   1.092e-19    9.660e-20  
  -23.4   6.904e-17   4.313e-20    3.758e-20  
  -23.5   3.537e-17   1.676e-20    1.438e-20  
  -23.6   1.790e-17   6.408e-21    5.411e-21  
  -23.7   8.946e-18   2.411e-21    2.003e-21  
  -23.8   4.415e-18   8.921e-22    7.291e-22  
  -23.9   2.150e-18   3.248e-22    2.610e-22  
  -24.0   1.033e-18   1.163e-22    9.191e-23  
  -24.1   4.900e-19   4.098e-23    3.182e-23  
  -24.2   2.291e-19   1.420e-23    1.084e-23  
  -24.3   1.057e-19   4.841e-24    3.628e-24  
  -24.4   4.803e-20   1.623e-24    1.194e-24  
  -24.5   2.152e-20   5.351e-25    3.867e-25  
  -24.6   9.505e-21   1.735e-25    1.231e-25  
  -24.7   4.136e-21   5.534e-26    3.852e-26  
  -24.8   1.773e-21   1.736e-26    1.185e-26  
  -24.9   7.485e-22   5.354e-27    3.586e-27  
  -25.0   3.112e-22   1.624e-27    1.066e-27  
  -25.1   1.274e-22   4.843e-28    3.118e-28  
  -25.2   5.137e-23   1.420e-28    8.964e-29  
  -25.3   2.039e-23   4.095e-29    2.533e-29  
  -25.4   7.965e-24   1.161e-29    7.038e-30  
  -25.5   3.062e-24   3.237e-30    1.922e-30  
  -25.6   1.159e-24   8.872e-31    5.160e-31  
  -25.7   4.315e-25   2.391e-31    1.362e-31  
  -25.8   1.581e-25   6.334e-32    3.533e-32  
  -25.9   5.700e-26   1.650e-32    9.009e-33  
  -26.0   2.022e-26   4.225e-33    2.258e-33  
  -26.1   7.054e-27   1.064e-33    5.564e-34  
  -26.2   2.421e-27   2.632e-34    1.347e-34  
  -26.3   8.174e-28   6.404e-35    3.208e-35  
  -26.4   2.714e-28   1.532e-35    7.505e-36  
  -26.5   8.864e-29   3.601e-36    1.726e-36  
  -26.6   2.847e-29   8.322e-37    3.901e-37  
  -26.7   8.992e-30   1.891e-37    8.667e-38  
  -26.8   2.793e-30   4.222e-38    1.892e-38  
  -26.9   8.531e-31   9.268e-39    4.061e-39  
  -27.0   2.562e-31   2.000e-39    8.566e-40  
  -27.1   7.566e-32   4.241e-40    1.776e-40  
  -27.2   2.197e-32   8.841e-41    3.618e-41  
  -27.3   6.271e-33   1.812e-41    7.245e-42  
  -27.4   1.760e-33   3.648e-42    1.426e-42  
  -27.5   4.856e-34   7.222e-43    2.757e-43  
  -27.6   1.317e-34   1.405e-43    5.241e-44  
  -27.7   3.513e-35   2.687e-44    9.791e-45  
  -27.8   9.211e-36   5.050e-45    1.797e-45  
  -27.9   2.374e-36   9.329e-46    3.243e-46  
  -28.0   6.014e-37   1.694e-46    5.750e-47  
