# z=6.5: redshift
# eps=0.5: maximum star formation efficiency for FFB
# -----
# MUV, Phi=dN/dMUV [cMpc^-3 Mag^-1]
#   [none, disc, shell], extinction models: no dust, disc mode, or shell mode
#     extinction for shell mode is stronger that for disc mode, see details in Li, Dekel+23
    MUV   Phi[none]   Phi[disc]   Phi[shell]  
  -12.0   3.813e-01   3.781e-01    3.781e-01  
  -12.1   3.560e-01   3.529e-01    3.529e-01  
  -12.2   3.323e-01   3.293e-01    3.293e-01  
  -12.3   3.102e-01   3.072e-01    3.072e-01  
  -12.4   2.895e-01   2.866e-01    2.866e-01  
  -12.5   2.701e-01   2.672e-01    2.672e-01  
  -12.6   2.520e-01   2.492e-01    2.492e-01  
  -12.7   2.351e-01   2.323e-01    2.323e-01  
  -12.8   2.193e-01   2.165e-01    2.165e-01  
  -12.9   2.044e-01   2.017e-01    2.017e-01  
  -13.0   1.906e-01   1.879e-01    1.879e-01  
  -13.1   1.777e-01   1.750e-01    1.750e-01  
  -13.2   1.656e-01   1.630e-01    1.630e-01  
  -13.3   1.543e-01   1.517e-01    1.517e-01  
  -13.4   1.437e-01   1.412e-01    1.412e-01  
  -13.5   1.338e-01   1.314e-01    1.314e-01  
  -13.6   1.246e-01   1.222e-01    1.222e-01  
  -13.7   1.160e-01   1.137e-01    1.137e-01  
  -13.8   1.080e-01   1.057e-01    1.057e-01  
  -13.9   1.005e-01   9.822e-02    9.822e-02  
  -14.0   9.350e-02   9.126e-02    9.126e-02  
  -14.1   8.697e-02   8.477e-02    8.477e-02  
  -14.2   8.087e-02   7.872e-02    7.872e-02  
  -14.3   7.519e-02   7.308e-02    7.308e-02  
  -14.4   6.988e-02   6.782e-02    6.782e-02  
  -14.5   6.494e-02   6.291e-02    6.291e-02  
  -14.6   6.033e-02   5.834e-02    5.834e-02  
  -14.7   5.603e-02   5.409e-02    5.409e-02  
  -14.8   5.203e-02   5.013e-02    5.013e-02  
  -14.9   4.830e-02   4.643e-02    4.644e-02  
  -15.0   4.482e-02   4.300e-02    4.300e-02  
  -15.1   4.159e-02   3.980e-02    3.980e-02  
  -15.2   3.857e-02   3.683e-02    3.683e-02  
  -15.3   3.577e-02   3.407e-02    3.407e-02  
  -15.4   3.316e-02   3.149e-02    3.149e-02  
  -15.5   3.073e-02   2.911e-02    2.911e-02  
  -15.6   2.847e-02   2.689e-02    2.689e-02  
  -15.7   2.637e-02   2.482e-02    2.482e-02  
  -15.8   2.442e-02   2.291e-02    2.291e-02  
  -15.9   2.260e-02   2.113e-02    2.113e-02  
  -16.0   2.092e-02   1.949e-02    1.949e-02  
  -16.1   1.935e-02   1.796e-02    1.796e-02  
  -16.2   1.790e-02   1.654e-02    1.654e-02  
  -16.3   1.655e-02   1.523e-02    1.523e-02  
  -16.4   1.530e-02   1.401e-02    1.401e-02  
  -16.5   1.413e-02   1.289e-02    1.289e-02  
  -16.6   1.306e-02   1.184e-02    1.185e-02  
  -16.7   1.206e-02   1.088e-02    1.088e-02  
  -16.8   1.113e-02   9.991e-03    9.991e-03  
  -16.9   1.027e-02   9.168e-03    9.168e-03  
  -17.0   9.480e-03   8.408e-03    8.408e-03  
  -17.1   8.745e-03   7.706e-03    7.707e-03  
  -17.2   8.064e-03   7.059e-03    7.060e-03  
  -17.3   7.434e-03   6.462e-03    6.463e-03  
  -17.4   6.852e-03   5.913e-03    5.913e-03  
  -17.5   6.313e-03   5.406e-03    5.407e-03  
  -17.6   5.816e-03   4.940e-03    4.941e-03  
  -17.7   5.356e-03   4.512e-03    4.513e-03  
  -17.8   4.931e-03   4.117e-03    4.119e-03  
  -17.9   4.539e-03   3.755e-03    3.757e-03  
  -18.0   4.177e-03   3.423e-03    3.425e-03  
  -18.1   3.843e-03   3.118e-03    3.120e-03  
  -18.2   3.535e-03   2.839e-03    2.840e-03  
  -18.3   3.251e-03   2.583e-03    2.585e-03  
  -18.4   2.989e-03   2.348e-03    2.350e-03  
  -18.5   2.748e-03   2.134e-03    2.136e-03  
  -18.6   2.526e-03   1.938e-03    1.940e-03  
  -18.7   2.321e-03   1.759e-03    1.761e-03  
  -18.8   2.133e-03   1.595e-03    1.598e-03  
  -18.9   1.960e-03   1.446e-03    1.449e-03  
  -19.0   1.800e-03   1.310e-03    1.314e-03  
  -19.1   1.654e-03   1.186e-03    1.190e-03  
  -19.2   1.519e-03   1.073e-03    1.078e-03  
  -19.3   1.395e-03   9.704e-04    9.755e-04  
  -19.4   1.281e-03   8.771e-04    8.827e-04  
  -19.5   1.176e-03   7.923e-04    7.984e-04  
  -19.6   1.080e-03   7.153e-04    7.220e-04  
  -19.7   9.918e-04   6.455e-04    6.526e-04  
  -19.8   9.107e-04   5.821e-04    5.898e-04  
  -19.9   8.362e-04   5.247e-04    5.329e-04  
  -20.0   7.678e-04   4.727e-04    4.813e-04  
  -20.1   7.050e-04   4.257e-04    4.347e-04  
  -20.2   6.474e-04   3.831e-04    3.924e-04  
  -20.3   5.945e-04   3.446e-04    3.541e-04  
  -20.4   5.460e-04   3.098e-04    3.194e-04  
  -20.5   5.014e-04   2.784e-04    2.880e-04  
  -20.6   4.605e-04   2.501e-04    2.595e-04  
  -20.7   4.229e-04   2.245e-04    2.336e-04  
  -20.8   3.884e-04   2.015e-04    2.101e-04  
  -20.9   3.568e-04   1.807e-04    1.887e-04  
  -21.0   3.278e-04   1.620e-04    1.692e-04  
  -21.1   3.011e-04   1.452e-04    1.515e-04  
  -21.2   2.766e-04   1.301e-04    1.353e-04  
  -21.3   2.541e-04   1.165e-04    1.205e-04  
  -21.4   2.334e-04   1.043e-04    1.070e-04  
  -21.5   2.144e-04   9.331e-05    9.468e-05  
  -21.6   1.970e-04   8.351e-05    8.346e-05  
  -21.7   1.809e-04   7.472e-05    7.326e-05  
  -21.8   1.662e-04   6.687e-05    6.399e-05  
  -21.9   1.526e-04   5.985e-05    5.559e-05  
  -22.0   1.402e-04   5.358e-05    4.802e-05  
  -22.1   1.287e-04   4.798e-05    4.122e-05  
  -22.2   1.181e-04   4.299e-05    3.513e-05  
  -22.3   1.084e-04   3.854e-05    2.973e-05  
  -22.4   9.943e-05   3.456e-05    2.496e-05  
  -22.5   9.117e-05   3.101e-05    2.078e-05  
  -22.6   8.356e-05   2.784e-05    1.714e-05  
  -22.7   7.654e-05   2.500e-05    1.401e-05  
  -22.8   7.006e-05   2.244e-05    1.133e-05  
  -22.9   6.408e-05   2.014e-05    9.072e-06  
  -23.0   5.856e-05   1.806e-05    7.181e-06  
  -23.1   5.346e-05   1.618e-05    5.618e-06  
  -23.2   4.874e-05   1.446e-05    4.342e-06  
  -23.3   4.439e-05   1.290e-05    3.314e-06  
  -23.4   4.037e-05   1.146e-05    2.496e-06  
  -23.5   3.665e-05   1.015e-05    1.854e-06  
  -23.6   3.321e-05   8.943e-06    1.358e-06  
  -23.7   3.004e-05   7.838e-06    9.806e-07  
  -23.8   2.710e-05   6.829e-06    6.977e-07  
  -23.9   2.440e-05   5.910e-06    4.891e-07  
  -24.0   2.191e-05   5.077e-06    3.377e-07  
  -24.1   1.961e-05   4.327e-06    2.297e-07  
  -24.2   1.750e-05   3.657e-06    1.539e-07  
  -24.3   1.557e-05   3.064e-06    1.017e-07  
  -24.4   1.380e-05   2.542e-06    6.619e-08  
  -24.5   1.218e-05   2.090e-06    4.252e-08  
  -24.6   1.070e-05   1.700e-06    2.697e-08  
  -24.7   9.367e-06   1.369e-06    1.691e-08  
  -24.8   8.158e-06   1.091e-06    1.049e-08  
  -24.9   7.070e-06   8.603e-07    6.450e-09  
  -25.0   6.094e-06   6.709e-07    3.934e-09  
  -25.1   5.223e-06   5.174e-07    2.383e-09  
  -25.2   4.451e-06   3.947e-07    1.436e-09  
  -25.3   3.770e-06   2.976e-07    8.609e-10  
  -25.4   3.172e-06   2.219e-07    5.141e-10  
  -25.5   2.651e-06   1.636e-07    3.057e-10  
  -25.6   2.201e-06   1.192e-07    1.810e-10  
  -25.7   1.814e-06   8.592e-08    1.067e-10  
  -25.8   1.483e-06   6.119e-08    6.256e-11  
  -25.9   1.204e-06   4.308e-08    3.645e-11  
  -26.0   9.694e-07   2.998e-08    2.109e-11  
  -26.1   7.742e-07   2.063e-08    1.211e-11  
  -26.2   6.131e-07   1.403e-08    6.897e-12  
  -26.3   4.814e-07   9.428e-09    3.892e-12  
  -26.4   3.746e-07   6.264e-09    2.175e-12  
  -26.5   2.890e-07   4.113e-09    1.204e-12  
  -26.6   2.208e-07   2.670e-09    6.593e-13  
  -26.7   1.672e-07   1.713e-09    3.574e-13  
  -26.8   1.254e-07   1.086e-09    1.917e-13  
  -26.9   9.318e-08   6.810e-10    1.017e-13  
  -27.0   6.855e-08   4.219e-10    5.339e-14  
  -27.1   4.994e-08   2.584e-10    2.772e-14  
  -27.2   3.602e-08   1.564e-10    1.424e-14  
  -27.3   2.573e-08   9.357e-11    7.235e-15  
  -27.4   1.819e-08   5.534e-11    3.636e-15  
  -27.5   1.273e-08   3.235e-11    1.808e-15  
  -27.6   8.818e-09   1.869e-11    8.890e-16  
  -27.7   6.047e-09   1.067e-11    4.324e-16  
  -27.8   4.104e-09   6.026e-12    2.080e-16  
  -27.9   2.758e-09   3.362e-12    9.900e-17  
  -28.0   1.834e-09   1.854e-12    4.660e-17  
