# z=24.5: redshift
# eps=0.6: maximum star formation efficiency for FFB
# -----
# MUV, Phi=dN/dMUV [cMpc^-3 Mag^-1]
#   [none, disc, shell], extinction models: no dust, disc mode, or shell mode
#     extinction for shell mode is stronger that for disc mode, see details in Li, Dekel+23
    MUV   Phi[none]   Phi[disc]   Phi[shell]  
  -14.0   1.110e-05   1.092e-05    1.091e-05  
  -14.1   1.014e-05   9.966e-06    9.956e-06  
  -14.2   9.249e-06   9.083e-06    9.073e-06  
  -14.3   8.430e-06   8.270e-06    8.260e-06  
  -14.4   7.677e-06   7.522e-06    7.513e-06  
  -14.5   6.984e-06   6.834e-06    6.826e-06  
  -14.6   6.346e-06   6.201e-06    6.194e-06  
  -14.7   5.760e-06   5.619e-06    5.613e-06  
  -14.8   5.222e-06   5.085e-06    5.079e-06  
  -14.9   4.727e-06   4.594e-06    4.589e-06  
  -15.0   4.273e-06   4.143e-06    4.140e-06  
  -15.1   3.856e-06   3.729e-06    3.727e-06  
  -15.2   3.474e-06   3.349e-06    3.349e-06  
  -15.3   3.124e-06   3.002e-06    3.003e-06  
  -15.4   2.803e-06   2.683e-06    2.686e-06  
  -15.5   2.509e-06   2.392e-06    2.397e-06  
  -15.6   2.241e-06   2.126e-06    2.132e-06  
  -15.7   1.996e-06   1.884e-06    1.891e-06  
  -15.8   1.773e-06   1.663e-06    1.672e-06  
  -15.9   1.570e-06   1.463e-06    1.473e-06  
  -16.0   1.386e-06   1.281e-06    1.292e-06  
  -16.1   1.219e-06   1.117e-06    1.129e-06  
  -16.2   1.068e-06   9.698e-07    9.821e-07  
  -16.3   9.315e-07   8.375e-07    8.502e-07  
  -16.4   8.092e-07   7.193e-07    7.323e-07  
  -16.5   6.998e-07   6.144e-07    6.274e-07  
  -16.6   6.022e-07   5.216e-07    5.344e-07  
  -16.7   5.156e-07   4.400e-07    4.525e-07  
  -16.8   4.391e-07   3.687e-07    3.807e-07  
  -16.9   3.718e-07   3.068e-07    3.182e-07  
  -17.0   3.129e-07   2.535e-07    2.641e-07  
  -17.1   2.618e-07   2.078e-07    2.176e-07  
  -17.2   2.176e-07   1.690e-07    1.779e-07  
  -17.3   1.797e-07   1.364e-07    1.443e-07  
  -17.4   1.474e-07   1.091e-07    1.162e-07  
  -17.5   1.200e-07   8.656e-08    9.271e-08  
  -17.6   9.705e-08   6.805e-08    7.335e-08  
  -17.7   7.789e-08   5.302e-08    5.752e-08  
  -17.8   6.203e-08   4.092e-08    4.470e-08  
  -17.9   4.902e-08   3.128e-08    3.441e-08  
  -18.0   3.844e-08   2.368e-08    2.624e-08  
  -18.1   2.990e-08   1.774e-08    1.981e-08  
  -18.2   2.307e-08   1.316e-08    1.481e-08  
  -18.3   1.765e-08   9.666e-09    1.096e-08  
  -18.4   1.339e-08   7.023e-09    8.030e-09  
  -18.5   1.008e-08   5.049e-09    5.819e-09  
  -18.6   7.519e-09   3.591e-09    4.172e-09  
  -18.7   5.562e-09   2.526e-09    2.959e-09  
  -18.8   4.080e-09   1.757e-09    2.076e-09  
  -18.9   2.967e-09   1.208e-09    1.440e-09  
  -19.0   2.139e-09   8.218e-10    9.871e-10  
  -19.1   1.529e-09   5.525e-10    6.691e-10  
  -19.2   1.084e-09   3.671e-10    4.482e-10  
  -19.3   7.613e-10   2.411e-10    2.967e-10  
  -19.4   5.303e-10   1.564e-10    1.941e-10  
  -19.5   3.663e-10   1.003e-10    1.254e-10  
  -19.6   2.508e-10   6.350e-11    8.001e-11  
  -19.7   1.703e-10   3.972e-11    5.043e-11  
  -19.8   1.147e-10   2.454e-11    3.138e-11  
  -19.9   7.658e-11   1.497e-11    1.928e-11  
  -20.0   5.070e-11   9.016e-12    1.169e-11  
  -20.1   3.329e-11   5.361e-12    6.996e-12  
  -20.2   2.168e-11   3.146e-12    4.131e-12  
  -20.3   1.400e-11   1.822e-12    2.407e-12  
  -20.4   8.967e-12   1.042e-12    1.384e-12  
  -20.5   5.696e-12   5.874e-13    7.846e-13  
  -20.6   3.588e-12   3.268e-13    4.387e-13  
  -20.7   2.242e-12   1.794e-13    2.419e-13  
  -20.8   1.389e-12   9.708e-14    1.315e-13  
  -20.9   8.531e-13   5.182e-14    7.048e-14  
  -21.0   5.196e-13   2.727e-14    3.723e-14  
  -21.1   3.138e-13   1.415e-14    1.938e-14  
  -21.2   1.878e-13   7.240e-15    9.945e-15  
  -21.3   1.114e-13   3.650e-15    5.028e-15  
  -21.4   6.549e-14   1.814e-15    2.504e-15  
  -21.5   3.814e-14   8.883e-16    1.229e-15  
  -21.6   2.200e-14   4.287e-16    5.939e-16  
  -21.7   1.256e-14   2.038e-16    2.827e-16  
  -21.8   7.104e-15   9.545e-17    1.325e-16  
  -21.9   3.975e-15   4.404e-17    6.118e-17  
  -22.0   2.201e-15   2.001e-17    2.781e-17  
  -22.1   1.205e-15   8.957e-18    1.245e-17  
  -22.2   6.528e-16   3.948e-18    5.484e-18  
  -22.3   3.494e-16   1.713e-18    2.379e-18  
  -22.4   1.848e-16   7.322e-19    1.016e-18  
  -22.5   9.661e-17   3.081e-19    4.267e-19  
  -22.6   4.987e-17   1.276e-19    1.765e-19  
  -22.7   2.541e-17   5.204e-20    7.183e-20  
  -22.8   1.279e-17   2.089e-20    2.877e-20  
  -22.9   6.347e-18   8.251e-21    1.134e-20  
  -23.0   3.109e-18   3.208e-21    4.397e-21  
  -23.1   1.502e-18   1.228e-21    1.677e-21  
  -23.2   7.156e-19   4.623e-22    6.297e-22  
  -23.3   3.361e-19   1.713e-22    2.325e-22  
  -23.4   1.556e-19   6.246e-23    8.446e-23  
  -23.5   7.101e-20   2.241e-23    3.018e-23  
  -23.6   3.193e-20   7.909e-24    1.061e-23  
  -23.7   1.414e-20   2.746e-24    3.668e-24  
  -23.8   6.170e-21   9.383e-25    1.247e-24  
  -23.9   2.651e-21   3.153e-25    4.171e-25  
  -24.0   1.122e-21   1.042e-25    1.372e-25  
  -24.1   4.673e-22   3.389e-26    4.438e-26  
  -24.2   1.917e-22   1.084e-26    1.412e-26  
  -24.3   7.738e-23   3.410e-27    4.416e-27  
  -24.4   3.075e-23   1.055e-27    1.358e-27  
  -24.5   1.202e-23   3.211e-28    4.108e-28  
  -24.6   4.627e-24   9.609e-29    1.222e-28  
  -24.7   1.752e-24   2.828e-29    3.573e-29  
  -24.8   6.528e-25   8.185e-30    1.027e-29  
  -24.9   2.393e-25   2.329e-30    2.905e-30  
  -25.0   8.629e-26   6.519e-31    8.073e-31  
  -25.1   3.061e-26   1.794e-31    2.206e-31  
  -25.2   1.068e-26   4.854e-32    5.927e-32  
  -25.3   3.665e-27   1.292e-32    1.565e-32  
  -25.4   1.237e-27   3.379e-33    4.065e-33  
  -25.5   4.105e-28   8.690e-34    1.038e-33  
  -25.6   1.340e-28   2.198e-34    2.604e-34  
  -25.7   4.302e-29   5.464e-35    6.423e-35  
  -25.8   1.358e-29   1.336e-35    1.558e-35  
  -25.9   4.215e-30   3.209e-36    3.713e-36  
  -26.0   1.286e-30   7.582e-37    8.699e-37  
  -26.1   3.860e-31   1.761e-37    2.004e-37  
  -26.2   1.139e-31   4.020e-38    4.536e-38  
  -26.3   3.303e-32   9.024e-39    1.010e-38  
  -26.4   9.418e-33   1.991e-39    2.208e-39  
  -26.5   2.640e-33   4.318e-40    4.748e-40  
  -26.6   7.277e-34   9.207e-41    1.003e-40  
  -26.7   1.972e-34   1.930e-41    2.084e-41  
  -26.8   5.251e-35   3.975e-42    4.255e-42  
  -26.9   1.375e-35   8.050e-43    8.537e-43  
  -27.0   3.538e-36   1.602e-43    1.684e-43  
  -27.1   8.951e-37   3.135e-44    3.264e-44  
  -27.2   2.226e-37   6.029e-45    6.217e-45  
  -27.3   5.441e-38   1.140e-45    1.164e-45  
  -27.4   1.307e-38   2.117e-46    2.142e-46  
  -27.5   3.087e-39   3.866e-47    3.874e-47  
  -27.6   7.165e-40   6.939e-48    6.886e-48  
  -27.7   1.635e-40   1.224e-48    1.203e-48  
  -27.8   3.665e-41   2.122e-49    2.065e-49  
  -27.9   8.078e-42   3.616e-50    3.484e-50  
  -28.0   1.750e-42   6.057e-51    5.777e-51  
