# z=17.0: redshift
# eps=0.2: maximum star formation efficiency for FFB
# -----
# MUV, Phi=dN/dMUV [cMpc^-3 Mag^-1]
#   [none, disc, shell], extinction models: no dust, disc mode, or shell mode
#     extinction for shell mode is stronger that for disc mode, see details in Li, Dekel+23
    MUV   Phi[none]   Phi[disc]   Phi[shell]  
  -15.0   2.932e-04   2.801e-04    2.800e-04  
  -15.1   2.621e-04   2.501e-04    2.500e-04  
  -15.2   2.349e-04   2.238e-04    2.238e-04  
  -15.3   2.109e-04   2.007e-04    2.007e-04  
  -15.4   1.897e-04   1.803e-04    1.803e-04  
  -15.5   1.710e-04   1.623e-04    1.622e-04  
  -15.6   1.543e-04   1.462e-04    1.461e-04  
  -15.7   1.394e-04   1.318e-04    1.318e-04  
  -15.8   1.261e-04   1.189e-04    1.189e-04  
  -15.9   1.141e-04   1.074e-04    1.073e-04  
  -16.0   1.032e-04   9.696e-05    9.692e-05  
  -16.1   9.347e-05   8.755e-05    8.750e-05  
  -16.2   8.462e-05   7.903e-05    7.897e-05  
  -16.3   7.659e-05   7.130e-05    7.123e-05  
  -16.4   6.929e-05   6.427e-05    6.419e-05  
  -16.5   6.265e-05   5.787e-05    5.778e-05  
  -16.6   5.659e-05   5.205e-05    5.193e-05  
  -16.7   5.106e-05   4.673e-05    4.660e-05  
  -16.8   4.601e-05   4.188e-05    4.172e-05  
  -16.9   4.140e-05   3.745e-05    3.727e-05  
  -17.0   3.718e-05   3.340e-05    3.320e-05  
  -17.1   3.332e-05   2.971e-05    2.948e-05  
  -17.2   2.979e-05   2.634e-05    2.608e-05  
  -17.3   2.657e-05   2.327e-05    2.299e-05  
  -17.4   2.363e-05   2.048e-05    2.017e-05  
  -17.5   2.095e-05   1.794e-05    1.761e-05  
  -17.6   1.850e-05   1.565e-05    1.530e-05  
  -17.7   1.629e-05   1.358e-05    1.321e-05  
  -17.8   1.428e-05   1.172e-05    1.134e-05  
  -17.9   1.246e-05   1.005e-05    9.665e-06  
  -18.0   1.083e-05   8.573e-06    8.180e-06  
  -18.1   9.360e-06   7.262e-06    6.871e-06  
  -18.2   8.050e-06   6.108e-06    5.725e-06  
  -18.3   6.885e-06   5.101e-06    4.730e-06  
  -18.4   5.855e-06   4.227e-06    3.872e-06  
  -18.5   4.949e-06   3.475e-06    3.141e-06  
  -18.6   4.157e-06   2.832e-06    2.523e-06  
  -18.7   3.469e-06   2.289e-06    2.006e-06  
  -18.8   2.875e-06   1.834e-06    1.578e-06  
  -18.9   2.366e-06   1.455e-06    1.228e-06  
  -19.0   1.933e-06   1.144e-06    9.448e-07  
  -19.1   1.568e-06   8.904e-07    7.186e-07  
  -19.2   1.262e-06   6.862e-07    5.401e-07  
  -19.3   1.008e-06   5.234e-07    4.011e-07  
  -19.4   7.993e-07   3.951e-07    2.941e-07  
  -19.5   6.284e-07   2.950e-07    2.130e-07  
  -19.6   4.902e-07   2.179e-07    1.522e-07  
  -19.7   3.792e-07   1.591e-07    1.074e-07  
  -19.8   2.909e-07   1.149e-07    7.474e-08  
  -19.9   2.214e-07   8.197e-08    5.132e-08  
  -20.0   1.670e-07   5.781e-08    3.476e-08  
  -20.1   1.250e-07   4.028e-08    2.321e-08  
  -20.2   9.273e-08   2.773e-08    1.528e-08  
  -20.3   6.822e-08   1.885e-08    9.921e-09  
  -20.4   4.977e-08   1.265e-08    6.348e-09  
  -20.5   3.600e-08   8.383e-09    4.002e-09  
  -20.6   2.583e-08   5.483e-09    2.486e-09  
  -20.7   1.837e-08   3.539e-09    1.522e-09  
  -20.8   1.296e-08   2.254e-09    9.176e-10  
  -20.9   9.066e-09   1.416e-09    5.449e-10  
  -21.0   6.290e-09   8.776e-10    3.187e-10  
  -21.1   4.328e-09   5.364e-10    1.836e-10  
  -21.2   2.954e-09   3.232e-10    1.041e-10  
  -21.3   1.999e-09   1.920e-10    5.810e-11  
  -21.4   1.342e-09   1.125e-10    3.193e-11  
  -21.5   8.942e-10   6.492e-11    1.727e-11  
  -21.6   5.908e-10   3.693e-11    9.193e-12  
  -21.7   3.873e-10   2.070e-11    4.816e-12  
  -21.8   2.519e-10   1.143e-11    2.483e-12  
  -21.9   1.625e-10   6.219e-12    1.259e-12  
  -22.0   1.040e-10   3.333e-12    6.283e-13  
  -22.1   6.609e-11   1.759e-12    3.084e-13  
  -22.2   4.165e-11   9.145e-13    1.489e-13  
  -22.3   2.605e-11   4.681e-13    7.075e-14  
  -22.4   1.616e-11   2.359e-13    3.306e-14  
  -22.5   9.949e-12   1.171e-13    1.519e-14  
  -22.6   6.078e-12   5.720e-14    6.864e-15  
  -22.7   3.684e-12   2.751e-14    3.051e-15  
  -22.8   2.215e-12   1.302e-14    1.333e-15  
  -22.9   1.322e-12   6.069e-15    5.730e-16  
  -23.0   7.823e-13   2.783e-15    2.422e-16  
  -23.1   4.594e-13   1.256e-15    1.006e-16  
  -23.2   2.676e-13   5.579e-16    4.111e-17  
  -23.3   1.546e-13   2.438e-16    1.652e-17  
  -23.4   8.860e-14   1.049e-16    6.523e-18  
  -23.5   5.035e-14   4.437e-17    2.533e-18  
  -23.6   2.838e-14   1.847e-17    9.669e-19  
  -23.7   1.586e-14   7.565e-18    3.629e-19  
  -23.8   8.783e-15   3.048e-18    1.339e-19  
  -23.9   4.823e-15   1.208e-18    4.856e-20  
  -24.0   2.624e-15   4.709e-19    1.731e-20  
  -24.1   1.415e-15   1.806e-19    6.068e-21  
  -24.2   7.560e-16   6.811e-20    2.091e-21  
  -24.3   4.000e-16   2.527e-20    7.081e-22  
  -24.4   2.096e-16   9.219e-21    2.357e-22  
  -24.5   1.087e-16   3.308e-21    7.714e-23  
  -24.6   5.584e-17   1.167e-21    2.481e-23  
  -24.7   2.838e-17   4.051e-22    7.844e-24  
  -24.8   1.427e-17   1.382e-22    2.438e-24  
  -24.9   7.095e-18   4.639e-23    7.446e-25  
  -25.0   3.489e-18   1.531e-23    2.235e-25  
  -25.1   1.696e-18   4.966e-24    6.596e-26  
  -25.2   8.149e-19   1.584e-24    1.913e-26  
  -25.3   3.869e-19   4.969e-25    5.452e-27  
  -25.4   1.814e-19   1.533e-25    1.527e-27  
  -25.5   8.401e-20   4.647e-26    4.206e-28  
  -25.6   3.841e-20   1.385e-26    1.138e-28  
  -25.7   1.734e-20   4.060e-27    3.027e-29  
  -25.8   7.721e-21   1.170e-27    7.912e-30  
  -25.9   3.393e-21   3.313e-28    2.033e-30  
  -26.0   1.471e-21   9.226e-29    5.132e-31  
  -26.1   6.286e-22   2.526e-29    1.273e-31  
  -26.2   2.649e-22   6.797e-30    3.105e-32  
  -26.3   1.101e-22   1.798e-30    7.440e-33  
  -26.4   4.507e-23   4.675e-31    1.752e-33  
  -26.5   1.819e-23   1.195e-31    4.056e-34  
  -26.6   7.230e-24   3.003e-32    9.225e-35  
  -26.7   2.832e-24   7.416e-33    2.062e-35  
  -26.8   1.092e-24   1.800e-33    4.530e-36  
  -26.9   4.151e-25   4.296e-34    9.778e-37  
  -27.0   1.553e-25   1.008e-34    2.074e-37  
  -27.1   5.720e-26   2.323e-35    4.325e-38  
  -27.2   2.074e-26   5.264e-36    8.860e-39  
  -27.3   7.404e-27   1.172e-36    1.784e-39  
  -27.4   2.602e-27   2.566e-37    3.529e-40  
  -27.5   8.996e-28   5.521e-38    6.861e-41  
  -27.6   3.061e-28   1.167e-38    1.311e-41  
  -27.7   1.025e-28   2.426e-39    2.461e-42  
  -27.8   3.377e-29   4.956e-40    4.541e-43  
  -27.9   1.095e-29   9.949e-41    8.233e-44  
  -28.0   3.491e-30   1.963e-41    1.467e-44  
