# z=11.5: redshift
# eps=0.8: maximum star formation efficiency for FFB
# -----
# MUV, Phi=dN/dMUV [cMpc^-3 Mag^-1]
#   [none, disc, shell], extinction models: no dust, disc mode, or shell mode
#     extinction for shell mode is stronger that for disc mode, see details in Li, Dekel+23
    MUV   Phi[none]   Phi[disc]   Phi[shell]  
  -14.0   1.714e-02   1.674e-02    1.674e-02  
  -14.1   1.582e-02   1.543e-02    1.543e-02  
  -14.2   1.460e-02   1.423e-02    1.423e-02  
  -14.3   1.348e-02   1.312e-02    1.312e-02  
  -14.4   1.245e-02   1.210e-02    1.210e-02  
  -14.5   1.149e-02   1.115e-02    1.115e-02  
  -14.6   1.061e-02   1.029e-02    1.029e-02  
  -14.7   9.804e-03   9.487e-03    9.487e-03  
  -14.8   9.058e-03   8.750e-03    8.750e-03  
  -14.9   8.370e-03   8.071e-03    8.072e-03  
  -15.0   7.735e-03   7.446e-03    7.446e-03  
  -15.1   7.150e-03   6.869e-03    6.870e-03  
  -15.2   6.609e-03   6.338e-03    6.338e-03  
  -15.3   6.111e-03   5.848e-03    5.849e-03  
  -15.4   5.651e-03   5.396e-03    5.397e-03  
  -15.5   5.227e-03   4.980e-03    4.980e-03  
  -15.6   4.835e-03   4.596e-03    4.596e-03  
  -15.7   4.473e-03   4.241e-03    4.242e-03  
  -15.8   4.139e-03   3.914e-03    3.915e-03  
  -15.9   3.831e-03   3.612e-03    3.613e-03  
  -16.0   3.546e-03   3.334e-03    3.334e-03  
  -16.1   3.282e-03   3.077e-03    3.077e-03  
  -16.2   3.039e-03   2.840e-03    2.840e-03  
  -16.3   2.813e-03   2.620e-03    2.621e-03  
  -16.4   2.605e-03   2.418e-03    2.419e-03  
  -16.5   2.413e-03   2.231e-03    2.232e-03  
  -16.6   2.235e-03   2.059e-03    2.059e-03  
  -16.7   2.070e-03   1.899e-03    1.900e-03  
  -16.8   1.917e-03   1.752e-03    1.753e-03  
  -16.9   1.776e-03   1.616e-03    1.617e-03  
  -17.0   1.646e-03   1.490e-03    1.491e-03  
  -17.1   1.525e-03   1.374e-03    1.375e-03  
  -17.2   1.413e-03   1.266e-03    1.267e-03  
  -17.3   1.309e-03   1.167e-03    1.168e-03  
  -17.4   1.213e-03   1.075e-03    1.077e-03  
  -17.5   1.124e-03   9.905e-04    9.918e-04  
  -17.6   1.041e-03   9.122e-04    9.135e-04  
  -17.7   9.646e-04   8.397e-04    8.412e-04  
  -17.8   8.936e-04   7.728e-04    7.743e-04  
  -17.9   8.279e-04   7.110e-04    7.126e-04  
  -18.0   7.669e-04   6.538e-04    6.555e-04  
  -18.1   7.104e-04   6.010e-04    6.028e-04  
  -18.2   6.580e-04   5.522e-04    5.541e-04  
  -18.3   6.094e-04   5.072e-04    5.091e-04  
  -18.4   5.643e-04   4.656e-04    4.676e-04  
  -18.5   5.224e-04   4.271e-04    4.293e-04  
  -18.6   4.836e-04   3.917e-04    3.939e-04  
  -18.7   4.476e-04   3.589e-04    3.613e-04  
  -18.8   4.142e-04   3.287e-04    3.312e-04  
  -18.9   3.831e-04   3.008e-04    3.034e-04  
  -19.0   3.543e-04   2.751e-04    2.777e-04  
  -19.1   3.276e-04   2.514e-04    2.541e-04  
  -19.2   3.028e-04   2.296e-04    2.322e-04  
  -19.3   2.798e-04   2.094e-04    2.121e-04  
  -19.4   2.584e-04   1.909e-04    1.935e-04  
  -19.5   2.385e-04   1.738e-04    1.764e-04  
  -19.6   2.200e-04   1.581e-04    1.605e-04  
  -19.7   2.029e-04   1.436e-04    1.459e-04  
  -19.8   1.870e-04   1.303e-04    1.323e-04  
  -19.9   1.722e-04   1.181e-04    1.198e-04  
  -20.0   1.584e-04   1.069e-04    1.082e-04  
  -20.1   1.456e-04   9.657e-05    9.744e-05  
  -20.2   1.338e-04   8.711e-05    8.749e-05  
  -20.3   1.227e-04   7.844e-05    7.829e-05  
  -20.4   1.124e-04   7.049e-05    6.978e-05  
  -20.5   1.029e-04   6.321e-05    6.192e-05  
  -20.6   9.403e-05   5.656e-05    5.468e-05  
  -20.7   8.578e-05   5.048e-05    4.803e-05  
  -20.8   7.812e-05   4.494e-05    4.195e-05  
  -20.9   7.101e-05   3.988e-05    3.640e-05  
  -21.0   6.440e-05   3.529e-05    3.137e-05  
  -21.1   5.827e-05   3.112e-05    2.684e-05  
  -21.2   5.259e-05   2.734e-05    2.279e-05  
  -21.3   4.734e-05   2.392e-05    1.920e-05  
  -21.4   4.248e-05   2.084e-05    1.603e-05  
  -21.5   3.799e-05   1.806e-05    1.328e-05  
  -21.6   3.386e-05   1.558e-05    1.089e-05  
  -21.7   3.006e-05   1.336e-05    8.854e-06  
  -21.8   2.658e-05   1.139e-05    7.129e-06  
  -21.9   2.341e-05   9.642e-06    5.684e-06  
  -22.0   2.051e-05   8.107e-06    4.487e-06  
  -22.1   1.789e-05   6.765e-06    3.508e-06  
  -22.2   1.552e-05   5.601e-06    2.714e-06  
  -22.3   1.339e-05   4.597e-06    2.079e-06  
  -22.4   1.149e-05   3.739e-06    1.576e-06  
  -22.5   9.792e-06   3.013e-06    1.182e-06  
  -22.6   8.295e-06   2.404e-06    8.775e-07  
  -22.7   6.980e-06   1.898e-06    6.446e-07  
  -22.8   5.833e-06   1.482e-06    4.684e-07  
  -22.9   4.839e-06   1.145e-06    3.368e-07  
  -23.0   3.984e-06   8.743e-07    2.395e-07  
  -23.1   3.255e-06   6.597e-07    1.685e-07  
  -23.2   2.638e-06   4.918e-07    1.172e-07  
  -23.3   2.120e-06   3.622e-07    8.059e-08  
  -23.4   1.690e-06   2.633e-07    5.479e-08  
  -23.5   1.335e-06   1.890e-07    3.682e-08  
  -23.6   1.045e-06   1.340e-07    2.445e-08  
  -23.7   8.110e-07   9.369e-08    1.605e-08  
  -23.8   6.234e-07   6.466e-08    1.040e-08  
  -23.9   4.747e-07   4.403e-08    6.664e-09  
  -24.0   3.580e-07   2.959e-08    4.217e-09  
  -24.1   2.674e-07   1.961e-08    2.636e-09  
  -24.2   1.977e-07   1.282e-08    1.627e-09  
  -24.3   1.448e-07   8.273e-09    9.921e-10  
  -24.4   1.049e-07   5.264e-09    5.974e-10  
  -24.5   7.531e-08   3.304e-09    3.553e-10  
  -24.6   5.349e-08   2.045e-09    2.087e-10  
  -24.7   3.762e-08   1.249e-09    1.211e-10  
  -24.8   2.618e-08   7.521e-10    6.936e-11  
  -24.9   1.804e-08   4.468e-10    3.924e-11  
  -25.0   1.230e-08   2.618e-10    2.193e-11  
  -25.1   8.309e-09   1.513e-10    1.210e-11  
  -25.2   5.555e-09   8.625e-11    6.596e-12  
  -25.3   3.677e-09   4.850e-11    3.551e-12  
  -25.4   2.411e-09   2.690e-11    1.888e-12  
  -25.5   1.565e-09   1.472e-11    9.913e-13  
  -25.6   1.007e-09   7.946e-12    5.142e-13  
  -25.7   6.414e-10   4.231e-12    2.634e-13  
  -25.8   4.049e-10   2.223e-12    1.333e-13  
  -25.9   2.534e-10   1.152e-12    6.662e-14  
  -26.0   1.571e-10   5.892e-13    3.289e-14  
  -26.1   9.662e-11   2.973e-13    1.604e-14  
  -26.2   5.891e-11   1.480e-13    7.726e-15  
  -26.3   3.563e-11   7.274e-14    3.677e-15  
  -26.4   2.137e-11   3.527e-14    1.728e-15  
  -26.5   1.272e-11   1.688e-14    8.025e-16  
  -26.6   7.509e-12   7.971e-15    3.681e-16  
  -26.7   4.399e-12   3.716e-15    1.668e-16  
  -26.8   2.558e-12   1.710e-15    7.468e-17  
  -26.9   1.476e-12   7.766e-16    3.303e-17  
  -27.0   8.452e-13   3.482e-16    1.443e-17  
  -27.1   4.804e-13   1.542e-16    6.229e-18  
  -27.2   2.710e-13   6.737e-17    2.657e-18  
  -27.3   1.517e-13   2.907e-17    1.119e-18  
  -27.4   8.425e-14   1.239e-17    4.660e-19  
  -27.5   4.643e-14   5.212e-18    1.917e-19  
  -27.6   2.539e-14   2.165e-18    7.788e-20  
  -27.7   1.377e-14   8.884e-19    3.127e-20  
  -27.8   7.406e-15   3.600e-19    1.241e-20  
  -27.9   3.951e-15   1.441e-19    4.863e-21  
  -28.0   2.090e-15   5.695e-20    1.883e-21  
