# z=18.0: redshift
# eps=0.2: maximum star formation efficiency for FFB
# -----
# MUV, Phi=dN/dMUV [cMpc^-3 Mag^-1]
#   [none, disc, shell], extinction models: no dust, disc mode, or shell mode
#     extinction for shell mode is stronger that for disc mode, see details in Li, Dekel+23
    MUV   Phi[none]   Phi[disc]   Phi[shell]  
  -12.0   8.309e-03   8.180e-03    8.180e-03  
  -12.1   6.947e-03   6.833e-03    6.832e-03  
  -12.2   5.798e-03   5.697e-03    5.697e-03  
  -12.3   4.833e-03   4.744e-03    4.744e-03  
  -12.4   4.027e-03   3.949e-03    3.948e-03  
  -12.5   3.356e-03   3.288e-03    3.287e-03  
  -12.6   2.800e-03   2.740e-03    2.740e-03  
  -12.7   2.340e-03   2.289e-03    2.289e-03  
  -12.8   1.962e-03   1.917e-03    1.917e-03  
  -12.9   1.650e-03   1.612e-03    1.612e-03  
  -13.0   1.395e-03   1.361e-03    1.361e-03  
  -13.1   1.184e-03   1.155e-03    1.155e-03  
  -13.2   1.011e-03   9.864e-04    9.862e-04  
  -13.3   8.688e-04   8.471e-04    8.469e-04  
  -13.4   7.510e-04   7.321e-04    7.319e-04  
  -13.5   6.532e-04   6.367e-04    6.365e-04  
  -13.6   5.715e-04   5.570e-04    5.568e-04  
  -13.7   5.030e-04   4.901e-04    4.900e-04  
  -13.8   4.451e-04   4.336e-04    4.335e-04  
  -13.9   3.958e-04   3.855e-04    3.854e-04  
  -14.0   3.535e-04   3.442e-04    3.441e-04  
  -14.1   3.169e-04   3.085e-04    3.084e-04  
  -14.2   2.851e-04   2.774e-04    2.773e-04  
  -14.3   2.573e-04   2.502e-04    2.501e-04  
  -14.4   2.327e-04   2.261e-04    2.260e-04  
  -14.5   2.109e-04   2.047e-04    2.047e-04  
  -14.6   1.915e-04   1.857e-04    1.856e-04  
  -14.7   1.740e-04   1.686e-04    1.686e-04  
  -14.8   1.584e-04   1.533e-04    1.532e-04  
  -14.9   1.442e-04   1.394e-04    1.393e-04  
  -15.0   1.314e-04   1.268e-04    1.268e-04  
  -15.1   1.198e-04   1.154e-04    1.154e-04  
  -15.2   1.092e-04   1.051e-04    1.050e-04  
  -15.3   9.955e-05   9.563e-05    9.558e-05  
  -15.4   9.075e-05   8.701e-05    8.696e-05  
  -15.5   8.271e-05   7.914e-05    7.909e-05  
  -15.6   7.535e-05   7.194e-05    7.188e-05  
  -15.7   6.860e-05   6.535e-05    6.529e-05  
  -15.8   6.242e-05   5.931e-05    5.925e-05  
  -15.9   5.676e-05   5.377e-05    5.370e-05  
  -16.0   5.155e-05   4.869e-05    4.862e-05  
  -16.1   4.678e-05   4.403e-05    4.395e-05  
  -16.2   4.239e-05   3.975e-05    3.966e-05  
  -16.3   3.836e-05   3.582e-05    3.572e-05  
  -16.4   3.466e-05   3.221e-05    3.211e-05  
  -16.5   3.126e-05   2.890e-05    2.878e-05  
  -16.6   2.813e-05   2.586e-05    2.573e-05  
  -16.7   2.526e-05   2.307e-05    2.294e-05  
  -16.8   2.263e-05   2.052e-05    2.037e-05  
  -16.9   2.022e-05   1.818e-05    1.803e-05  
  -17.0   1.801e-05   1.605e-05    1.588e-05  
  -17.1   1.599e-05   1.411e-05    1.393e-05  
  -17.2   1.415e-05   1.235e-05    1.216e-05  
  -17.3   1.248e-05   1.075e-05    1.056e-05  
  -17.4   1.095e-05   9.311e-06    9.112e-06  
  -17.5   9.575e-06   8.019e-06    7.816e-06  
  -17.6   8.332e-06   6.864e-06    6.660e-06  
  -17.7   7.215e-06   5.838e-06    5.634e-06  
  -17.8   6.215e-06   4.932e-06    4.731e-06  
  -17.9   5.325e-06   4.137e-06    3.942e-06  
  -18.0   4.536e-06   3.444e-06    3.257e-06  
  -18.1   3.841e-06   2.845e-06    2.667e-06  
  -18.2   3.232e-06   2.332e-06    2.165e-06  
  -18.3   2.702e-06   1.895e-06    1.740e-06  
  -18.4   2.244e-06   1.526e-06    1.385e-06  
  -18.5   1.851e-06   1.218e-06    1.091e-06  
  -18.6   1.516e-06   9.637e-07    8.510e-07  
  -18.7   1.232e-06   7.550e-07    6.563e-07  
  -18.8   9.941e-07   5.858e-07    5.005e-07  
  -18.9   7.960e-07   4.500e-07    3.774e-07  
  -19.0   6.324e-07   3.421e-07    2.812e-07  
  -19.1   4.985e-07   2.574e-07    2.070e-07  
  -19.2   3.897e-07   1.916e-07    1.506e-07  
  -19.3   3.023e-07   1.411e-07    1.081e-07  
  -19.4   2.325e-07   1.027e-07    7.667e-08  
  -19.5   1.774e-07   7.398e-08    5.366e-08  
  -19.6   1.342e-07   5.266e-08    3.707e-08  
  -19.7   1.007e-07   3.705e-08    2.526e-08  
  -19.8   7.488e-08   2.576e-08    1.698e-08  
  -19.9   5.524e-08   1.770e-08    1.126e-08  
  -20.0   4.040e-08   1.201e-08    7.366e-09  
  -20.1   2.930e-08   8.048e-09    4.749e-09  
  -20.2   2.107e-08   5.326e-09    3.019e-09  
  -20.3   1.503e-08   3.480e-09    1.891e-09  
  -20.4   1.063e-08   2.245e-09    1.168e-09  
  -20.5   7.452e-09   1.429e-09    7.106e-10  
  -20.6   5.182e-09   8.978e-10    4.260e-10  
  -20.7   3.574e-09   5.565e-10    2.515e-10  
  -20.8   2.445e-09   3.402e-10    1.463e-10  
  -20.9   1.658e-09   2.052e-10    8.381e-11  
  -21.0   1.116e-09   1.220e-10    4.728e-11  
  -21.1   7.448e-10   7.157e-11    2.626e-11  
  -21.2   4.931e-10   4.138e-11    1.436e-11  
  -21.3   3.238e-10   2.358e-11    7.731e-12  
  -21.4   2.110e-10   1.325e-11    4.097e-12  
  -21.5   1.364e-10   7.334e-12    2.137e-12  
  -21.6   8.746e-11   4.001e-12    1.097e-12  
  -21.7   5.564e-11   2.151e-12    5.540e-13  
  -21.8   3.512e-11   1.139e-12    2.753e-13  
  -21.9   2.200e-11   5.940e-13    1.346e-13  
  -22.0   1.367e-11   3.052e-13    6.477e-14  
  -22.1   8.429e-12   1.544e-13    3.066e-14  
  -22.2   5.156e-12   7.695e-14    1.427e-14  
  -22.3   3.130e-12   3.776e-14    6.537e-15  
  -22.4   1.885e-12   1.824e-14    2.945e-15  
  -22.5   1.126e-12   8.677e-15    1.305e-15  
  -22.6   6.675e-13   4.063e-15    5.685e-16  
  -22.7   3.925e-13   1.873e-15    2.436e-16  
  -22.8   2.289e-13   8.497e-16    1.027e-16  
  -22.9   1.324e-13   3.794e-16    4.254e-17  
  -23.0   7.599e-14   1.668e-16    1.734e-17  
  -23.1   4.324e-14   7.212e-17    6.947e-18  
  -23.2   2.440e-14   3.070e-17    2.737e-18  
  -23.3   1.365e-14   1.286e-17    1.060e-18  
  -23.4   7.567e-15   5.297e-18    4.038e-19  
  -23.5   4.158e-15   2.148e-18    1.512e-19  
  -23.6   2.264e-15   8.567e-19    5.567e-20  
  -23.7   1.222e-15   3.362e-19    2.015e-20  
  -23.8   6.529e-16   1.298e-19    7.170e-21  
  -23.9   3.455e-16   4.927e-20    2.508e-21  
  -24.0   1.811e-16   1.840e-20    8.625e-22  
  -24.1   9.390e-17   6.762e-21    2.916e-22  
  -24.2   4.819e-17   2.443e-21    9.689e-23  
  -24.3   2.447e-17   8.684e-22    3.165e-23  
  -24.4   1.229e-17   3.035e-22    1.016e-23  
  -24.5   6.102e-18   1.043e-22    3.208e-24  
  -24.6   2.995e-18   3.527e-23    9.952e-25  
  -24.7   1.453e-18   1.173e-23    3.035e-25  
  -24.8   6.964e-19   3.833e-24    9.098e-26  
  -24.9   3.297e-19   1.232e-24    2.680e-26  
  -25.0   1.541e-19   3.894e-25    7.762e-27  
  -25.1   7.111e-20   1.210e-25    2.209e-27  
  -25.2   3.239e-20   3.699e-26    6.181e-28  
  -25.3   1.456e-20   1.111e-26    1.699e-28  
  -25.4   6.453e-21   3.283e-27    4.593e-29  
  -25.5   2.822e-21   9.535e-28    1.220e-29  
  -25.6   1.217e-21   2.723e-28    3.184e-30  
  -25.7   5.172e-22   7.643e-29    8.169e-31  
  -25.8   2.167e-22   2.109e-29    2.060e-31  
  -25.9   8.950e-23   5.723e-30    5.104e-32  
  -26.0   3.642e-23   1.526e-30    1.243e-32  
  -26.1   1.460e-23   4.002e-31    2.975e-33  
  -26.2   5.764e-24   1.032e-31    6.999e-34  
  -26.3   2.242e-24   2.614e-32    1.618e-34  
  -26.4   8.586e-25   6.509e-33    3.676e-35  
  -26.5   3.238e-25   1.594e-33    8.207e-36  
  -26.6   1.202e-25   3.835e-34    1.801e-36  
  -26.7   4.393e-26   9.072e-35    3.883e-37  
  -26.8   1.580e-26   2.109e-35    8.227e-38  
  -26.9   5.595e-27   4.821e-36    1.713e-38  
  -27.0   1.949e-27   1.083e-36    3.506e-39  
  -27.1   6.683e-28   2.391e-37    7.050e-40  
  -27.2   2.255e-28   5.190e-38    1.393e-40  
  -27.3   7.483e-29   1.107e-38    2.706e-41  
  -27.4   2.444e-29   2.321e-39    5.164e-42  
  -27.5   7.850e-30   4.782e-40    9.685e-43  
  -27.6   2.480e-30   9.685e-41    1.785e-43  
  -27.7   7.709e-31   1.928e-41    3.232e-44  
  -27.8   2.357e-31   3.771e-42    5.752e-45  
  -27.9   7.085e-32   7.251e-43    1.006e-45  
  -28.0   2.095e-32   1.370e-43    1.729e-46  
