# z=10.5: redshift
# eps=0.1: maximum star formation efficiency for FFB
# -----
# MUV, Phi=dN/dMUV [cMpc^-3 Mag^-1]
#   [none, disc, shell], extinction models: no dust, disc mode, or shell mode
#     extinction for shell mode is stronger that for disc mode, see details in Li, Dekel+23
    MUV   Phi[none]   Phi[disc]   Phi[shell]  
  -15.0   8.094e-03   7.714e-03    7.715e-03  
  -15.1   7.345e-03   6.981e-03    6.982e-03  
  -15.2   6.663e-03   6.315e-03    6.316e-03  
  -15.3   6.042e-03   5.709e-03    5.711e-03  
  -15.4   5.477e-03   5.159e-03    5.161e-03  
  -15.5   4.963e-03   4.660e-03    4.662e-03  
  -15.6   4.496e-03   4.207e-03    4.209e-03  
  -15.7   4.072e-03   3.797e-03    3.799e-03  
  -15.8   3.687e-03   3.425e-03    3.427e-03  
  -15.9   3.337e-03   3.088e-03    3.090e-03  
  -16.0   3.020e-03   2.783e-03    2.785e-03  
  -16.1   2.732e-03   2.507e-03    2.510e-03  
  -16.2   2.472e-03   2.257e-03    2.260e-03  
  -16.3   2.235e-03   2.032e-03    2.035e-03  
  -16.4   2.021e-03   1.829e-03    1.832e-03  
  -16.5   1.828e-03   1.645e-03    1.648e-03  
  -16.6   1.652e-03   1.479e-03    1.483e-03  
  -16.7   1.493e-03   1.329e-03    1.333e-03  
  -16.8   1.350e-03   1.194e-03    1.198e-03  
  -16.9   1.220e-03   1.073e-03    1.077e-03  
  -17.0   1.102e-03   9.633e-04    9.678e-04  
  -17.1   9.958e-04   8.647e-04    8.693e-04  
  -17.2   8.997e-04   7.759e-04    7.806e-04  
  -17.3   8.128e-04   6.960e-04    7.008e-04  
  -17.4   7.343e-04   6.240e-04    6.289e-04  
  -17.5   6.633e-04   5.593e-04    5.642e-04  
  -17.6   5.991e-04   5.010e-04    5.059e-04  
  -17.7   5.410e-04   4.487e-04    4.534e-04  
  -17.8   4.885e-04   4.016e-04    4.061e-04  
  -17.9   4.410e-04   3.592e-04    3.635e-04  
  -18.0   3.981e-04   3.211e-04    3.251e-04  
  -18.1   3.592e-04   2.868e-04    2.904e-04  
  -18.2   3.241e-04   2.560e-04    2.590e-04  
  -18.3   2.922e-04   2.283e-04    2.307e-04  
  -18.4   2.634e-04   2.034e-04    2.051e-04  
  -18.5   2.373e-04   1.810e-04    1.819e-04  
  -18.6   2.136e-04   1.608e-04    1.609e-04  
  -18.7   1.922e-04   1.427e-04    1.419e-04  
  -18.8   1.727e-04   1.264e-04    1.247e-04  
  -18.9   1.551e-04   1.118e-04    1.091e-04  
  -19.0   1.391e-04   9.870e-05    9.507e-05  
  -19.1   1.246e-04   8.692e-05    8.244e-05  
  -19.2   1.114e-04   7.637e-05    7.109e-05  
  -19.3   9.944e-05   6.692e-05    6.094e-05  
  -19.4   8.861e-05   5.847e-05    5.190e-05  
  -19.5   7.879e-05   5.093e-05    4.390e-05  
  -19.6   6.990e-05   4.422e-05    3.685e-05  
  -19.7   6.185e-05   3.826e-05    3.070e-05  
  -19.8   5.458e-05   3.298e-05    2.535e-05  
  -19.9   4.802e-05   2.831e-05    2.076e-05  
  -20.0   4.211e-05   2.420e-05    1.684e-05  
  -20.1   3.680e-05   2.059e-05    1.353e-05  
  -20.2   3.205e-05   1.743e-05    1.076e-05  
  -20.3   2.779e-05   1.469e-05    8.475e-06  
  -20.4   2.401e-05   1.231e-05    6.603e-06  
  -20.5   2.064e-05   1.026e-05    5.089e-06  
  -20.6   1.767e-05   8.498e-06    3.879e-06  
  -20.7   1.505e-05   6.996e-06    2.923e-06  
  -20.8   1.276e-05   5.721e-06    2.178e-06  
  -20.9   1.076e-05   4.647e-06    1.604e-06  
  -21.0   9.024e-06   3.746e-06    1.168e-06  
  -21.1   7.526e-06   2.997e-06    8.402e-07  
  -21.2   6.241e-06   2.378e-06    5.975e-07  
  -21.3   5.146e-06   1.871e-06    4.201e-07  
  -21.4   4.217e-06   1.459e-06    2.920e-07  
  -21.5   3.435e-06   1.127e-06    2.006e-07  
  -21.6   2.780e-06   8.627e-07    1.363e-07  
  -21.7   2.236e-06   6.535e-07    9.161e-08  
  -21.8   1.787e-06   4.899e-07    6.091e-08  
  -21.9   1.418e-06   3.633e-07    4.007e-08  
  -22.0   1.118e-06   2.664e-07    2.609e-08  
  -22.1   8.757e-07   1.931e-07    1.682e-08  
  -22.2   6.810e-07   1.384e-07    1.073e-08  
  -22.3   5.260e-07   9.796e-08    6.781e-09  
  -22.4   4.033e-07   6.850e-08    4.242e-09  
  -22.5   3.070e-07   4.730e-08    2.629e-09  
  -22.6   2.320e-07   3.225e-08    1.613e-09  
  -22.7   1.740e-07   2.170e-08    9.797e-10  
  -22.8   1.295e-07   1.442e-08    5.892e-10  
  -22.9   9.569e-08   9.450e-09    3.508e-10  
  -23.0   7.012e-08   6.112e-09    2.067e-10  
  -23.1   5.097e-08   3.900e-09    1.205e-10  
  -23.2   3.675e-08   2.455e-09    6.954e-11  
  -23.3   2.627e-08   1.524e-09    3.968e-11  
  -23.4   1.862e-08   9.333e-10    2.240e-11  
  -23.5   1.309e-08   5.637e-10    1.250e-11  
  -23.6   9.117e-09   3.357e-10    6.899e-12  
  -23.7   6.293e-09   1.972e-10    3.765e-12  
  -23.8   4.305e-09   1.142e-10    2.031e-12  
  -23.9   2.917e-09   6.524e-11    1.083e-12  
  -24.0   1.958e-09   3.675e-11    5.708e-13  
  -24.1   1.302e-09   2.041e-11    2.974e-13  
  -24.2   8.575e-10   1.118e-11    1.531e-13  
  -24.3   5.592e-10   6.038e-12    7.795e-14  
  -24.4   3.610e-10   3.216e-12    3.922e-14  
  -24.5   2.308e-10   1.689e-12    1.950e-14  
  -24.6   1.461e-10   8.750e-13    9.584e-15  
  -24.7   9.153e-11   4.470e-13    4.656e-15  
  -24.8   5.677e-11   2.253e-13    2.235e-15  
  -24.9   3.486e-11   1.120e-13    1.061e-15  
  -25.0   2.119e-11   5.491e-14    4.977e-16  
  -25.1   1.275e-11   2.656e-14    2.307e-16  
  -25.2   7.590e-12   1.268e-14    1.057e-16  
  -25.3   4.474e-12   5.969e-15    4.790e-17  
  -25.4   2.611e-12   2.774e-15    2.145e-17  
  -25.5   1.508e-12   1.272e-15    9.492e-18  
  -25.6   8.624e-13   5.759e-16    4.152e-18  
  -25.7   4.882e-13   2.574e-16    1.796e-18  
  -25.8   2.736e-13   1.135e-16    7.675e-19  
  -25.9   1.518e-13   4.945e-17    3.243e-19  
  -26.0   8.338e-14   2.127e-17    1.354e-19  
  -26.1   4.535e-14   9.036e-18    5.591e-20  
  -26.2   2.442e-14   3.791e-18    2.282e-20  
  -26.3   1.302e-14   1.571e-18    9.204e-21  
  -26.4   6.872e-15   6.434e-19    3.670e-21  
  -26.5   3.592e-15   2.603e-19    1.447e-21  
  -26.6   1.859e-15   1.041e-19    5.638e-22  
  -26.7   9.526e-16   4.111e-20    2.172e-22  
  -26.8   4.833e-16   1.605e-20    8.269e-23  
  -26.9   2.428e-16   6.197e-21    3.113e-23  
  -27.0   1.207e-16   2.364e-21    1.158e-23  
  -27.1   5.944e-17   8.918e-22    4.261e-24  
  -27.2   2.897e-17   3.326e-22    1.549e-24  
  -27.3   1.397e-17   1.226e-22    5.570e-25  
  -27.4   6.672e-18   4.470e-23    1.979e-25  
  -27.5   3.153e-18   1.611e-23    6.954e-26  
  -27.6   1.474e-18   5.744e-24    2.415e-26  
  -27.7   6.820e-19   2.025e-24    8.293e-27  
  -27.8   3.121e-19   7.057e-25    2.815e-27  
  -27.9   1.413e-19   2.433e-25    9.446e-28  
  -28.0   6.327e-20   8.292e-26    3.134e-28  
