# z=9.5: redshift
# eps=0.1: maximum star formation efficiency for FFB
# -----
# MUV, Phi=dN/dMUV [cMpc^-3 Mag^-1]
#   [none, disc, shell], extinction models: no dust, disc mode, or shell mode
#     extinction for shell mode is stronger that for disc mode, see details in Li, Dekel+23
    MUV   Phi[none]   Phi[disc]   Phi[shell]  
  -14.0   3.380e-02   3.289e-02    3.289e-02  
  -14.1   3.093e-02   3.005e-02    3.005e-02  
  -14.2   2.829e-02   2.744e-02    2.744e-02  
  -14.3   2.587e-02   2.504e-02    2.504e-02  
  -14.4   2.364e-02   2.284e-02    2.284e-02  
  -14.5   2.159e-02   2.082e-02    2.082e-02  
  -14.6   1.971e-02   1.897e-02    1.897e-02  
  -14.7   1.798e-02   1.727e-02    1.727e-02  
  -14.8   1.640e-02   1.571e-02    1.571e-02  
  -14.9   1.495e-02   1.429e-02    1.429e-02  
  -15.0   1.362e-02   1.299e-02    1.299e-02  
  -15.1   1.240e-02   1.179e-02    1.179e-02  
  -15.2   1.129e-02   1.070e-02    1.071e-02  
  -15.3   1.027e-02   9.710e-03    9.711e-03  
  -15.4   9.342e-03   8.802e-03    8.804e-03  
  -15.5   8.492e-03   7.974e-03    7.976e-03  
  -15.6   7.715e-03   7.220e-03    7.222e-03  
  -15.7   7.007e-03   6.533e-03    6.535e-03  
  -15.8   6.361e-03   5.907e-03    5.910e-03  
  -15.9   5.772e-03   5.339e-03    5.341e-03  
  -16.0   5.236e-03   4.822e-03    4.824e-03  
  -16.1   4.747e-03   4.352e-03    4.355e-03  
  -16.2   4.303e-03   3.926e-03    3.929e-03  
  -16.3   3.898e-03   3.539e-03    3.542e-03  
  -16.4   3.531e-03   3.189e-03    3.192e-03  
  -16.5   3.197e-03   2.872e-03    2.875e-03  
  -16.6   2.893e-03   2.585e-03    2.588e-03  
  -16.7   2.618e-03   2.325e-03    2.329e-03  
  -16.8   2.368e-03   2.090e-03    2.094e-03  
  -16.9   2.142e-03   1.878e-03    1.882e-03  
  -17.0   1.937e-03   1.686e-03    1.691e-03  
  -17.1   1.751e-03   1.513e-03    1.519e-03  
  -17.2   1.582e-03   1.358e-03    1.363e-03  
  -17.3   1.430e-03   1.217e-03    1.223e-03  
  -17.4   1.291e-03   1.091e-03    1.097e-03  
  -17.5   1.166e-03   9.772e-04    9.838e-04  
  -17.6   1.053e-03   8.749e-04    8.818e-04  
  -17.7   9.513e-04   7.829e-04    7.900e-04  
  -17.8   8.589e-04   7.002e-04    7.075e-04  
  -17.9   7.753e-04   6.259e-04    6.333e-04  
  -18.0   6.998e-04   5.592e-04    5.665e-04  
  -18.1   6.316e-04   4.993e-04    5.066e-04  
  -18.2   5.699e-04   4.456e-04    4.526e-04  
  -18.3   5.142e-04   3.975e-04    4.040e-04  
  -18.4   4.638e-04   3.543e-04    3.603e-04  
  -18.5   4.183e-04   3.156e-04    3.209e-04  
  -18.6   3.771e-04   2.808e-04    2.853e-04  
  -18.7   3.399e-04   2.498e-04    2.533e-04  
  -18.8   3.063e-04   2.219e-04    2.243e-04  
  -18.9   2.758e-04   1.969e-04    1.982e-04  
  -19.0   2.483e-04   1.746e-04    1.746e-04  
  -19.1   2.234e-04   1.546e-04    1.532e-04  
  -19.2   2.008e-04   1.367e-04    1.340e-04  
  -19.3   1.804e-04   1.206e-04    1.167e-04  
  -19.4   1.619e-04   1.063e-04    1.011e-04  
  -19.5   1.452e-04   9.350e-05    8.715e-05  
  -19.6   1.300e-04   8.206e-05    7.469e-05  
  -19.7   1.162e-04   7.185e-05    6.360e-05  
  -19.8   1.038e-04   6.276e-05    5.379e-05  
  -19.9   9.247e-05   5.467e-05    4.517e-05  
  -20.0   8.224e-05   4.748e-05    3.763e-05  
  -20.1   7.297e-05   4.110e-05    3.109e-05  
  -20.2   6.460e-05   3.546e-05    2.547e-05  
  -20.3   5.703e-05   3.048e-05    2.068e-05  
  -20.4   5.019e-05   2.609e-05    1.662e-05  
  -20.5   4.404e-05   2.225e-05    1.323e-05  
  -20.6   3.851e-05   1.888e-05    1.043e-05  
  -20.7   3.354e-05   1.595e-05    8.131e-06  
  -20.8   2.911e-05   1.341e-05    6.271e-06  
  -20.9   2.515e-05   1.121e-05    4.783e-06  
  -21.0   2.163e-05   9.316e-06    3.607e-06  
  -21.1   1.852e-05   7.697e-06    2.688e-06  
  -21.2   1.577e-05   6.319e-06    1.981e-06  
  -21.3   1.337e-05   5.152e-06    1.442e-06  
  -21.4   1.127e-05   4.171e-06    1.038e-06  
  -21.5   9.443e-06   3.351e-06    7.381e-07  
  -21.6   7.868e-06   2.671e-06    5.189e-07  
  -21.7   6.517e-06   2.111e-06    3.606e-07  
  -21.8   5.364e-06   1.654e-06    2.478e-07  
  -21.9   4.388e-06   1.284e-06    1.684e-07  
  -22.0   3.566e-06   9.874e-07    1.133e-07  
  -22.1   2.879e-06   7.517e-07    7.539e-08  
  -22.2   2.310e-06   5.664e-07    4.968e-08  
  -22.3   1.840e-06   4.222e-07    3.243e-08  
  -22.4   1.456e-06   3.114e-07    2.098e-08  
  -22.5   1.144e-06   2.270e-07    1.345e-08  
  -22.6   8.934e-07   1.636e-07    8.545e-09  
  -22.7   6.927e-07   1.166e-07    5.384e-09  
  -22.8   5.334e-07   8.205e-08    3.364e-09  
  -22.9   4.080e-07   5.706e-08    2.084e-09  
  -23.0   3.099e-07   3.919e-08    1.280e-09  
  -23.1   2.339e-07   2.659e-08    7.792e-10  
  -23.2   1.753e-07   1.781e-08    4.701e-10  
  -23.3   1.305e-07   1.178e-08    2.811e-10  
  -23.4   9.652e-08   7.697e-09    1.664e-10  
  -23.5   7.091e-08   4.963e-09    9.759e-11  
  -23.6   5.175e-08   3.159e-09    5.665e-11  
  -23.7   3.751e-08   1.985e-09    3.255e-11  
  -23.8   2.701e-08   1.231e-09    1.850e-11  
  -23.9   1.931e-08   7.540e-10    1.041e-11  
  -24.0   1.371e-08   4.557e-10    5.791e-12  
  -24.1   9.668e-09   2.719e-10    3.187e-12  
  -24.2   6.767e-09   1.601e-10    1.734e-12  
  -24.3   4.701e-09   9.310e-11    9.335e-13  
  -24.4   3.241e-09   5.343e-11    4.968e-13  
  -24.5   2.216e-09   3.027e-11    2.615e-13  
  -24.6   1.503e-09   1.693e-11    1.360e-13  
  -24.7   1.011e-09   9.350e-12    6.999e-14  
  -24.8   6.745e-10   5.098e-12    3.561e-14  
  -24.9   4.459e-10   2.744e-12    1.791e-14  
  -25.0   2.921e-10   1.459e-12    8.906e-15  
  -25.1   1.895e-10   7.658e-13    4.379e-15  
  -25.2   1.218e-10   3.970e-13    2.129e-15  
  -25.3   7.755e-11   2.033e-13    1.023e-15  
  -25.4   4.888e-11   1.028e-13    4.863e-16  
  -25.5   3.050e-11   5.135e-14    2.285e-16  
  -25.6   1.883e-11   2.534e-14    1.062e-16  
  -25.7   1.151e-11   1.235e-14    4.877e-17  
  -25.8   6.960e-12   5.950e-15    2.215e-17  
  -25.9   4.164e-12   2.832e-15    9.948e-18  
  -26.0   2.465e-12   1.332e-15    4.417e-18  
  -26.1   1.443e-12   6.189e-16    1.939e-18  
  -26.2   8.361e-13   2.842e-16    8.417e-19  
  -26.3   4.790e-13   1.290e-16    3.613e-19  
  -26.4   2.715e-13   5.787e-17    1.533e-19  
  -26.5   1.522e-13   2.566e-17    6.432e-20  
  -26.6   8.434e-14   1.125e-17    2.669e-20  
  -26.7   4.624e-14   4.872e-18    1.095e-20  
  -26.8   2.507e-14   2.087e-18    4.440e-21  
  -26.9   1.345e-14   8.834e-19    1.781e-21  
  -27.0   7.131e-15   3.697e-19    7.061e-22  
  -27.1   3.741e-15   1.530e-19    2.768e-22  
  -27.2   1.940e-15   6.258e-20    1.073e-22  
  -27.3   9.956e-16   2.531e-20    4.114e-23  
  -27.4   5.052e-16   1.012e-20    1.559e-23  
  -27.5   2.535e-16   4.000e-21    5.843e-24  
  -27.6   1.258e-16   1.563e-21    2.165e-24  
  -27.7   6.177e-17   6.040e-22    7.934e-25  
  -27.8   2.998e-17   2.307e-22    2.875e-25  
  -27.9   1.440e-17   8.714e-23    1.030e-25  
  -28.0   6.835e-18   3.254e-23    3.648e-26  
