# z=21.0: redshift
# eps=1.0: maximum star formation efficiency for FFB
# -----
# MUV, Phi=dN/dMUV [cMpc^-3 Mag^-1]
#   [none, disc, shell], extinction models: no dust, disc mode, or shell mode
#     extinction for shell mode is stronger that for disc mode, see details in Li, Dekel+23
    MUV   Phi[none]   Phi[disc]   Phi[shell]  
  -14.0   1.720e-04   1.690e-04    1.690e-04  
  -14.1   1.589e-04   1.560e-04    1.560e-04  
  -14.2   1.468e-04   1.440e-04    1.440e-04  
  -14.3   1.355e-04   1.328e-04    1.328e-04  
  -14.4   1.251e-04   1.225e-04    1.224e-04  
  -14.5   1.154e-04   1.129e-04    1.128e-04  
  -14.6   1.065e-04   1.040e-04    1.039e-04  
  -14.7   9.814e-05   9.574e-05    9.570e-05  
  -14.8   9.044e-05   8.811e-05    8.807e-05  
  -14.9   8.331e-05   8.105e-05    8.100e-05  
  -15.0   7.670e-05   7.451e-05    7.447e-05  
  -15.1   7.058e-05   6.846e-05    6.841e-05  
  -15.2   6.492e-05   6.287e-05    6.282e-05  
  -15.3   5.967e-05   5.769e-05    5.764e-05  
  -15.4   5.482e-05   5.291e-05    5.285e-05  
  -15.5   5.034e-05   4.848e-05    4.843e-05  
  -15.6   4.619e-05   4.439e-05    4.434e-05  
  -15.7   4.235e-05   4.062e-05    4.057e-05  
  -15.8   3.881e-05   3.713e-05    3.708e-05  
  -15.9   3.553e-05   3.391e-05    3.386e-05  
  -16.0   3.250e-05   3.093e-05    3.089e-05  
  -16.1   2.970e-05   2.819e-05    2.815e-05  
  -16.2   2.712e-05   2.565e-05    2.562e-05  
  -16.3   2.474e-05   2.332e-05    2.329e-05  
  -16.4   2.254e-05   2.116e-05    2.114e-05  
  -16.5   2.051e-05   1.917e-05    1.915e-05  
  -16.6   1.863e-05   1.734e-05    1.733e-05  
  -16.7   1.691e-05   1.565e-05    1.565e-05  
  -16.8   1.532e-05   1.410e-05    1.410e-05  
  -16.9   1.385e-05   1.267e-05    1.268e-05  
  -17.0   1.250e-05   1.136e-05    1.138e-05  
  -17.1   1.126e-05   1.015e-05    1.018e-05  
  -17.2   1.012e-05   9.049e-06    9.081e-06  
  -17.3   9.069e-06   8.038e-06    8.076e-06  
  -17.4   8.107e-06   7.115e-06    7.158e-06  
  -17.5   7.227e-06   6.273e-06    6.321e-06  
  -17.6   6.422e-06   5.509e-06    5.560e-06  
  -17.7   5.687e-06   4.816e-06    4.869e-06  
  -17.8   5.018e-06   4.191e-06    4.245e-06  
  -17.9   4.411e-06   3.629e-06    3.683e-06  
  -18.0   3.861e-06   3.125e-06    3.178e-06  
  -18.1   3.364e-06   2.677e-06    2.728e-06  
  -18.2   2.918e-06   2.280e-06    2.328e-06  
  -18.3   2.518e-06   1.929e-06    1.974e-06  
  -18.4   2.162e-06   1.623e-06    1.663e-06  
  -18.5   1.846e-06   1.355e-06    1.392e-06  
  -18.6   1.567e-06   1.124e-06    1.157e-06  
  -18.7   1.322e-06   9.262e-07    9.540e-07  
  -18.8   1.109e-06   7.572e-07    7.809e-07  
  -18.9   9.235e-07   6.144e-07    6.341e-07  
  -19.0   7.642e-07   4.946e-07    5.106e-07  
  -19.1   6.280e-07   3.949e-07    4.077e-07  
  -19.2   5.124e-07   3.127e-07    3.227e-07  
  -19.3   4.150e-07   2.455e-07    2.531e-07  
  -19.4   3.336e-07   1.911e-07    1.967e-07  
  -19.5   2.661e-07   1.474e-07    1.514e-07  
  -19.6   2.106e-07   1.127e-07    1.153e-07  
  -19.7   1.654e-07   8.531e-08    8.701e-08  
  -19.8   1.288e-07   6.399e-08    6.496e-08  
  -19.9   9.953e-08   4.752e-08    4.799e-08  
  -20.0   7.626e-08   3.495e-08    3.507e-08  
  -20.1   5.795e-08   2.544e-08    2.534e-08  
  -20.2   4.367e-08   1.832e-08    1.811e-08  
  -20.3   3.263e-08   1.306e-08    1.279e-08  
  -20.4   2.417e-08   9.207e-09    8.928e-09  
  -20.5   1.775e-08   6.420e-09    6.157e-09  
  -20.6   1.293e-08   4.427e-09    4.194e-09  
  -20.7   9.337e-09   3.018e-09    2.822e-09  
  -20.8   6.685e-09   2.033e-09    1.875e-09  
  -20.9   4.745e-09   1.354e-09    1.229e-09  
  -21.0   3.340e-09   8.906e-10    7.956e-10  
  -21.1   2.331e-09   5.788e-10    5.081e-10  
  -21.2   1.613e-09   3.715e-10    3.201e-10  
  -21.3   1.107e-09   2.354e-10    1.990e-10  
  -21.4   7.531e-10   1.473e-10    1.219e-10  
  -21.5   5.082e-10   9.101e-11    7.370e-11  
  -21.6   3.401e-10   5.548e-11    4.392e-11  
  -21.7   2.257e-10   3.338e-11    2.579e-11  
  -21.8   1.486e-10   1.982e-11    1.493e-11  
  -21.9   9.703e-11   1.161e-11    8.518e-12  
  -22.0   6.285e-11   6.705e-12    4.788e-12  
  -22.1   4.038e-11   3.820e-12    2.652e-12  
  -22.2   2.573e-11   2.146e-12    1.447e-12  
  -22.3   1.627e-11   1.189e-12    7.773e-13  
  -22.4   1.021e-11   6.496e-13    4.114e-13  
  -22.5   6.350e-12   3.498e-13    2.144e-13  
  -22.6   3.920e-12   1.856e-13    1.100e-13  
  -22.7   2.401e-12   9.711e-14    5.559e-14  
  -22.8   1.458e-12   5.006e-14    2.765e-14  
  -22.9   8.789e-13   2.543e-14    1.354e-14  
  -23.0   5.254e-13   1.273e-14    6.527e-15  
  -23.1   3.115e-13   6.275e-15    3.097e-15  
  -23.2   1.832e-13   3.048e-15    1.446e-15  
  -23.3   1.068e-13   1.458e-15    6.645e-16  
  -23.4   6.178e-14   6.870e-16    3.005e-16  
  -23.5   3.541e-14   3.188e-16    1.337e-16  
  -23.6   2.012e-14   1.457e-16    5.853e-17  
  -23.7   1.133e-14   6.553e-17    2.521e-17  
  -23.8   6.322e-15   2.903e-17    1.068e-17  
  -23.9   3.494e-15   1.266e-17    4.455e-18  
  -24.0   1.912e-15   5.435e-18    1.827e-18  
  -24.1   1.036e-15   2.297e-18    7.370e-19  
  -24.2   5.559e-16   9.553e-19    2.925e-19  
  -24.3   2.951e-16   3.911e-19    1.141e-19  
  -24.4   1.549e-16   1.576e-19    4.382e-20  
  -24.5   8.046e-17   6.248e-20    1.654e-20  
  -24.6   4.131e-17   2.438e-20    6.143e-21  
  -24.7   2.097e-17   9.359e-21    2.243e-21  
  -24.8   1.051e-17   3.535e-21    8.054e-22  
  -24.9   5.208e-18   1.314e-21    2.844e-22  
  -25.0   2.548e-18   4.804e-22    9.875e-23  
  -25.1   1.230e-18   1.728e-22    3.372e-23  
  -25.2   5.866e-19   6.115e-23    1.132e-23  
  -25.3   2.759e-19   2.129e-23    3.736e-24  
  -25.4   1.281e-19   7.289e-24    1.213e-24  
  -25.5   5.861e-20   2.455e-24    3.869e-25  
  -25.6   2.646e-20   8.131e-25    1.214e-25  
  -25.7   1.177e-20   2.649e-25    3.743e-26  
  -25.8   5.163e-21   8.488e-26    1.135e-26  
  -25.9   2.232e-21   2.675e-26    3.383e-27  
  -26.0   9.506e-22   8.289e-27    9.915e-28  
  -26.1   3.989e-22   2.526e-27    2.856e-28  
  -26.2   1.649e-22   7.570e-28    8.089e-29  
  -26.3   6.711e-23   2.231e-28    2.252e-29  
  -26.4   2.690e-23   6.464e-29    6.162e-30  
  -26.5   1.062e-23   1.842e-29    1.657e-30  
  -26.6   4.125e-24   5.159e-30    4.382e-31  
  -26.7   1.578e-24   1.421e-30    1.139e-31  
  -26.8   5.939e-25   3.849e-31    2.910e-32  
  -26.9   2.200e-25   1.025e-31    7.307e-33  
  -27.0   8.021e-26   2.683e-32    1.803e-33  
  -27.1   2.878e-26   6.904e-33    4.375e-34  
  -27.2   1.016e-26   1.747e-33    1.043e-34  
  -27.3   3.527e-27   4.345e-34    2.445e-35  
  -27.4   1.205e-27   1.063e-34    5.631e-36  
  -27.5   4.050e-28   2.554e-35    1.275e-36  
  -27.6   1.339e-28   6.037e-36    2.837e-37  
  -27.7   4.353e-29   1.402e-36    6.203e-38  
  -27.8   1.392e-29   3.202e-37    1.333e-38  
  -27.9   4.377e-30   7.189e-38    2.816e-39  
  -28.0   1.354e-30   1.586e-38    5.846e-40  
