# z=25.0: redshift
# eps=0.6: maximum star formation efficiency for FFB
# -----
# MUV, Phi=dN/dMUV [cMpc^-3 Mag^-1]
#   [none, disc, shell], extinction models: no dust, disc mode, or shell mode
#     extinction for shell mode is stronger that for disc mode, see details in Li, Dekel+23
    MUV   Phi[none]   Phi[disc]   Phi[shell]  
  -12.0   4.263e-05   4.239e-05    4.239e-05  
  -12.1   3.929e-05   3.905e-05    3.905e-05  
  -12.2   3.619e-05   3.596e-05    3.596e-05  
  -12.3   3.332e-05   3.310e-05    3.310e-05  
  -12.4   3.067e-05   3.046e-05    3.045e-05  
  -12.5   2.822e-05   2.801e-05    2.800e-05  
  -12.6   2.595e-05   2.575e-05    2.574e-05  
  -12.7   2.385e-05   2.366e-05    2.365e-05  
  -12.8   2.191e-05   2.173e-05    2.172e-05  
  -12.9   2.012e-05   1.994e-05    1.993e-05  
  -13.0   1.847e-05   1.830e-05    1.829e-05  
  -13.1   1.694e-05   1.678e-05    1.677e-05  
  -13.2   1.554e-05   1.537e-05    1.536e-05  
  -13.3   1.424e-05   1.408e-05    1.407e-05  
  -13.4   1.304e-05   1.289e-05    1.288e-05  
  -13.5   1.193e-05   1.179e-05    1.178e-05  
  -13.6   1.092e-05   1.077e-05    1.077e-05  
  -13.7   9.977e-06   9.842e-06    9.833e-06  
  -13.8   9.113e-06   8.982e-06    8.974e-06  
  -13.9   8.317e-06   8.191e-06    8.183e-06  
  -14.0   7.585e-06   7.463e-06    7.456e-06  
  -14.1   6.911e-06   6.793e-06    6.786e-06  
  -14.2   6.291e-06   6.177e-06    6.171e-06  
  -14.3   5.721e-06   5.611e-06    5.605e-06  
  -14.4   5.197e-06   5.090e-06    5.085e-06  
  -14.5   4.716e-06   4.612e-06    4.607e-06  
  -14.6   4.274e-06   4.173e-06    4.169e-06  
  -14.7   3.868e-06   3.769e-06    3.766e-06  
  -14.8   3.495e-06   3.399e-06    3.397e-06  
  -14.9   3.153e-06   3.060e-06    3.059e-06  
  -15.0   2.840e-06   2.748e-06    2.748e-06  
  -15.1   2.553e-06   2.463e-06    2.465e-06  
  -15.2   2.291e-06   2.202e-06    2.205e-06  
  -15.3   2.051e-06   1.964e-06    1.968e-06  
  -15.4   1.831e-06   1.746e-06    1.751e-06  
  -15.5   1.631e-06   1.548e-06    1.554e-06  
  -15.6   1.449e-06   1.367e-06    1.374e-06  
  -15.7   1.283e-06   1.203e-06    1.211e-06  
  -15.8   1.133e-06   1.054e-06    1.063e-06  
  -15.9   9.962e-07   9.203e-07    9.298e-07  
  -16.0   8.730e-07   7.995e-07    8.095e-07  
  -16.1   7.619e-07   6.911e-07    7.015e-07  
  -16.2   6.622e-07   5.943e-07    6.049e-07  
  -16.3   5.729e-07   5.082e-07    5.189e-07  
  -16.4   4.933e-07   4.320e-07    4.426e-07  
  -16.5   4.226e-07   3.650e-07    3.753e-07  
  -16.6   3.601e-07   3.063e-07    3.163e-07  
  -16.7   3.051e-07   2.554e-07    2.648e-07  
  -16.8   2.570e-07   2.114e-07    2.202e-07  
  -16.9   2.152e-07   1.736e-07    1.818e-07  
  -17.0   1.791e-07   1.415e-07    1.490e-07  
  -17.1   1.480e-07   1.145e-07    1.212e-07  
  -17.2   1.215e-07   9.180e-08    9.775e-08  
  -17.3   9.906e-08   7.300e-08    7.822e-08  
  -17.4   8.018e-08   5.754e-08    6.206e-08  
  -17.5   6.442e-08   4.494e-08    4.881e-08  
  -17.6   5.137e-08   3.478e-08    3.805e-08  
  -17.7   4.065e-08   2.667e-08    2.938e-08  
  -17.8   3.191e-08   2.025e-08    2.248e-08  
  -17.9   2.485e-08   1.522e-08    1.704e-08  
  -18.0   1.920e-08   1.133e-08    1.278e-08  
  -18.1   1.471e-08   8.347e-09    9.498e-09  
  -18.2   1.118e-08   6.086e-09    6.984e-09  
  -18.3   8.424e-09   4.391e-09    5.083e-09  
  -18.4   6.294e-09   3.134e-09    3.661e-09  
  -18.5   4.663e-09   2.213e-09    2.608e-09  
  -18.6   3.425e-09   1.546e-09    1.838e-09  
  -18.7   2.494e-09   1.067e-09    1.281e-09  
  -18.8   1.801e-09   7.289e-10    8.830e-10  
  -18.9   1.289e-09   4.921e-10    6.017e-10  
  -19.0   9.149e-10   3.284e-10    4.053e-10  
  -19.1   6.437e-10   2.167e-10    2.699e-10  
  -19.2   4.490e-10   1.412e-10    1.776e-10  
  -19.3   3.106e-10   9.099e-11    1.155e-10  
  -19.4   2.130e-10   5.791e-11    7.416e-11  
  -19.5   1.448e-10   3.641e-11    4.705e-11  
  -19.6   9.764e-11   2.261e-11    2.948e-11  
  -19.7   6.528e-11   1.387e-11    1.824e-11  
  -19.8   4.328e-11   8.402e-12    1.115e-11  
  -19.9   2.845e-11   5.025e-12    6.723e-12  
  -20.0   1.855e-11   2.967e-12    4.002e-12  
  -20.1   1.199e-11   1.729e-12    2.351e-12  
  -20.2   7.687e-12   9.948e-13    1.363e-12  
  -20.3   4.887e-12   5.647e-13    7.796e-13  
  -20.4   3.081e-12   3.163e-13    4.399e-13  
  -20.5   1.926e-12   1.748e-13    2.448e-13  
  -20.6   1.193e-12   9.529e-14    1.344e-13  
  -20.7   7.332e-13   5.124e-14    7.271e-14  
  -20.8   4.466e-13   2.717e-14    3.880e-14  
  -20.9   2.696e-13   1.421e-14    2.041e-14  
  -21.0   1.613e-13   7.325e-15    1.058e-14  
  -21.1   9.558e-14   3.723e-15    5.407e-15  
  -21.2   5.611e-14   1.865e-15    2.722e-15  
  -21.3   3.263e-14   9.212e-16    1.351e-15  
  -21.4   1.878e-14   4.483e-16    6.603e-16  
  -21.5   1.070e-14   2.150e-16    3.180e-16  
  -21.6   6.034e-15   1.016e-16    1.508e-16  
  -21.7   3.366e-15   4.729e-17    7.047e-17  
  -21.8   1.857e-15   2.169e-17    3.242e-17  
  -21.9   1.013e-15   9.797e-18    1.469e-17  
  -22.0   5.460e-16   4.359e-18    6.554e-18  
  -22.1   2.909e-16   1.910e-18    2.879e-18  
  -22.2   1.530e-16   8.241e-19    1.245e-18  
  -22.3   7.953e-17   3.501e-19    5.299e-19  
  -22.4   4.080e-17   1.465e-19    2.220e-19  
  -22.5   2.066e-17   6.032e-20    9.157e-20  
  -22.6   1.032e-17   2.446e-20    3.717e-20  
  -22.7   5.087e-18   9.761e-21    1.485e-20  
  -22.8   2.473e-18   3.834e-21    5.836e-21  
  -22.9   1.185e-18   1.482e-21    2.257e-21  
  -23.0   5.600e-19   5.641e-22    8.591e-22  
  -23.1   2.608e-19   2.112e-22    3.217e-22  
  -23.2   1.197e-19   7.785e-23    1.185e-22  
  -23.3   5.412e-20   2.823e-23    4.296e-23  
  -23.4   2.411e-20   1.007e-23    1.531e-23  
  -23.5   1.058e-20   3.535e-24    5.371e-24  
  -23.6   4.570e-21   1.221e-24    1.853e-24  
  -23.7   1.944e-21   4.149e-25    6.288e-25  
  -23.8   8.143e-22   1.387e-25    2.098e-25  
  -23.9   3.358e-22   4.559e-26    6.888e-26  
  -24.0   1.363e-22   1.475e-26    2.224e-26  
  -24.1   5.443e-23   4.691e-27    7.060e-27  
  -24.2   2.140e-23   1.468e-27    2.204e-27  
  -24.3   8.277e-24   4.518e-28    6.768e-28  
  -24.4   3.150e-24   1.367e-28    2.043e-28  
  -24.5   1.180e-24   4.071e-29    6.066e-29  
  -24.6   4.346e-25   1.192e-29    1.771e-29  
  -24.7   1.575e-25   3.431e-30    5.083e-30  
  -24.8   5.614e-26   9.713e-31    1.434e-30  
  -24.9   1.968e-26   2.704e-31    3.980e-31  
  -25.0   6.788e-27   7.403e-32    1.086e-31  
  -25.1   2.302e-27   1.993e-32    2.913e-32  
  -25.2   7.680e-28   5.274e-33    7.681e-33  
  -25.3   2.519e-28   1.372e-33    1.991e-33  
  -25.4   8.125e-29   3.512e-34    5.075e-34  
  -25.5   2.577e-29   8.835e-35    1.272e-34  
  -25.6   8.037e-30   2.185e-35    3.132e-35  
  -25.7   2.464e-30   5.314e-36    7.584e-36  
  -25.8   7.430e-31   1.270e-36    1.805e-36  
  -25.9   2.202e-31   2.986e-37    4.224e-37  
  -26.0   6.418e-32   6.899e-38    9.714e-38  
  -26.1   1.839e-32   1.567e-38    2.196e-38  
  -26.2   5.180e-33   3.499e-39    4.881e-39  
  -26.3   1.434e-33   7.682e-40    1.066e-39  
  -26.4   3.904e-34   1.658e-40    2.289e-40  
  -26.5   1.045e-34   3.516e-41    4.831e-41  
  -26.6   2.748e-35   7.331e-42    1.002e-41  
  -26.7   7.105e-36   1.503e-42    2.043e-42  
  -26.8   1.806e-36   3.027e-43    4.095e-43  
  -26.9   4.511e-37   5.996e-44    8.065e-44  
  -27.0   1.108e-37   1.167e-44    1.561e-44  
  -27.1   2.674e-38   2.233e-45    2.971e-45  
  -27.2   6.343e-39   4.200e-46    5.556e-46  
  -27.3   1.479e-39   7.763e-47    1.021e-46  
  -27.4   3.390e-40   1.410e-47    1.845e-47  
  -27.5   7.636e-41   2.519e-48    3.275e-48  
  -27.6   1.691e-41   4.421e-49    5.714e-49  
  -27.7   3.678e-42   7.626e-50    9.797e-50  
  -27.8   7.867e-43   1.293e-50    1.651e-50  
  -27.9   1.653e-43   2.155e-51    2.735e-51  
  -28.0   3.416e-44   3.529e-52    4.451e-52  
