# z=23.5: redshift
# eps=0.3: maximum star formation efficiency for FFB
# -----
# MUV, Phi=dN/dMUV [cMpc^-3 Mag^-1]
#   [none, disc, shell], extinction models: no dust, disc mode, or shell mode
#     extinction for shell mode is stronger that for disc mode, see details in Li, Dekel+23
    MUV   Phi[none]   Phi[disc]   Phi[shell]  
  -14.0   1.227e-05   1.206e-05    1.205e-05  
  -14.1   1.118e-05   1.098e-05    1.097e-05  
  -14.2   1.017e-05   9.982e-06    9.970e-06  
  -14.3   9.251e-06   9.065e-06    9.054e-06  
  -14.4   8.402e-06   8.221e-06    8.211e-06  
  -14.5   7.620e-06   7.444e-06    7.435e-06  
  -14.6   6.902e-06   6.731e-06    6.722e-06  
  -14.7   6.241e-06   6.074e-06    6.067e-06  
  -14.8   5.635e-06   5.472e-06    5.465e-06  
  -14.9   5.077e-06   4.918e-06    4.913e-06  
  -15.0   4.566e-06   4.410e-06    4.407e-06  
  -15.1   4.098e-06   3.945e-06    3.943e-06  
  -15.2   3.669e-06   3.519e-06    3.518e-06  
  -15.3   3.277e-06   3.129e-06    3.130e-06  
  -15.4   2.918e-06   2.774e-06    2.775e-06  
  -15.5   2.591e-06   2.450e-06    2.453e-06  
  -15.6   2.293e-06   2.155e-06    2.159e-06  
  -15.7   2.023e-06   1.888e-06    1.893e-06  
  -15.8   1.778e-06   1.647e-06    1.653e-06  
  -15.9   1.556e-06   1.429e-06    1.436e-06  
  -16.0   1.357e-06   1.234e-06    1.242e-06  
  -16.1   1.177e-06   1.060e-06    1.068e-06  
  -16.2   1.017e-06   9.052e-07    9.134e-07  
  -16.3   8.738e-07   7.682e-07    7.765e-07  
  -16.4   7.469e-07   6.478e-07    6.560e-07  
  -16.5   6.350e-07   5.425e-07    5.505e-07  
  -16.6   5.367e-07   4.511e-07    4.588e-07  
  -16.7   4.509e-07   3.724e-07    3.795e-07  
  -16.8   3.764e-07   3.051e-07    3.117e-07  
  -16.9   3.122e-07   2.479e-07    2.539e-07  
  -17.0   2.572e-07   1.998e-07    2.052e-07  
  -17.1   2.104e-07   1.597e-07    1.644e-07  
  -17.2   1.709e-07   1.265e-07    1.306e-07  
  -17.3   1.378e-07   9.933e-08    1.028e-07  
  -17.4   1.103e-07   7.727e-08    8.020e-08  
  -17.5   8.757e-08   5.954e-08    6.197e-08  
  -17.6   6.900e-08   4.544e-08    4.742e-08  
  -17.7   5.393e-08   3.434e-08    3.593e-08  
  -17.8   4.182e-08   2.569e-08    2.695e-08  
  -17.9   3.216e-08   1.902e-08    2.001e-08  
  -18.0   2.453e-08   1.394e-08    1.470e-08  
  -18.1   1.855e-08   1.011e-08    1.068e-08  
  -18.2   1.391e-08   7.254e-09    7.678e-09  
  -18.3   1.035e-08   5.149e-09    5.459e-09  
  -18.4   7.628e-09   3.614e-09    3.837e-09  
  -18.5   5.576e-09   2.509e-09    2.666e-09  
  -18.6   4.041e-09   1.722e-09    1.832e-09  
  -18.7   2.904e-09   1.168e-09    1.243e-09  
  -18.8   2.069e-09   7.838e-10    8.340e-10  
  -18.9   1.461e-09   5.197e-10    5.527e-10  
  -19.0   1.023e-09   3.405e-10    3.618e-10  
  -19.1   7.103e-10   2.204e-10    2.339e-10  
  -19.2   4.890e-10   1.410e-10    1.493e-10  
  -19.3   3.338e-10   8.911e-11    9.411e-11  
  -19.4   2.259e-10   5.562e-11    5.856e-11  
  -19.5   1.516e-10   3.429e-11    3.596e-11  
  -19.6   1.009e-10   2.087e-11    2.180e-11  
  -19.7   6.662e-11   1.255e-11    1.303e-11  
  -19.8   4.361e-11   7.445e-12    7.691e-12  
  -19.9   2.832e-11   4.361e-12    4.476e-12  
  -20.0   1.824e-11   2.521e-12    2.569e-12  
  -20.1   1.165e-11   1.438e-12    1.454e-12  
  -20.2   7.379e-12   8.096e-13    8.118e-13  
  -20.3   4.637e-12   4.497e-13    4.467e-13  
  -20.4   2.890e-12   2.464e-13    2.423e-13  
  -20.5   1.786e-12   1.331e-13    1.296e-13  
  -20.6   1.095e-12   7.095e-14    6.828e-14  
  -20.7   6.657e-13   3.729e-14    3.545e-14  
  -20.8   4.013e-13   1.932e-14    1.814e-14  
  -20.9   2.399e-13   9.870e-15    9.141e-15  
  -21.0   1.422e-13   4.970e-15    4.539e-15  
  -21.1   8.350e-14   2.467e-15    2.219e-15  
  -21.2   4.861e-14   1.207e-15    1.069e-15  
  -21.3   2.804e-14   5.816e-16    5.070e-16  
  -21.4   1.602e-14   2.762e-16    2.368e-16  
  -21.5   9.065e-15   1.292e-16    1.089e-16  
  -21.6   5.079e-15   5.957e-17    4.928e-17  
  -21.7   2.817e-15   2.705e-17    2.196e-17  
  -21.8   1.546e-15   1.210e-17    9.634e-18  
  -21.9   8.393e-16   5.327e-18    4.160e-18  
  -22.0   4.507e-16   2.310e-18    1.768e-18  
  -22.1   2.393e-16   9.866e-19    7.392e-19  
  -22.2   1.255e-16   4.149e-19    3.042e-19  
  -22.3   6.510e-17   1.717e-19    1.232e-19  
  -22.4   3.334e-17   6.999e-20    4.909e-20  
  -22.5   1.686e-17   2.807e-20    1.924e-20  
  -22.6   8.420e-18   1.109e-20    7.422e-21  
  -22.7   4.150e-18   4.308e-21    2.816e-21  
  -22.8   2.018e-18   1.648e-21    1.051e-21  
  -22.9   9.682e-19   6.203e-22    3.859e-22  
  -23.0   4.581e-19   2.297e-22    1.394e-22  
  -23.1   2.137e-19   8.374e-23    4.952e-23  
  -23.2   9.831e-20   3.003e-23    1.730e-23  
  -23.3   4.457e-20   1.060e-23    5.945e-24  
  -23.4   1.991e-20   3.679e-24    2.009e-24  
  -23.5   8.764e-21   1.256e-24    6.678e-25  
  -23.6   3.800e-21   4.221e-25    2.183e-25  
  -23.7   1.623e-21   1.395e-25    7.016e-26  
  -23.8   6.827e-22   4.535e-26    2.217e-26  
  -23.9   2.827e-22   1.450e-26    6.891e-27  
  -24.0   1.153e-22   4.562e-27    2.106e-27  
  -24.1   4.628e-23   1.411e-27    6.327e-28  
  -24.2   1.828e-23   4.293e-28    1.869e-28  
  -24.3   7.110e-24   1.285e-28    5.430e-29  
  -24.4   2.721e-24   3.780e-29    1.551e-29  
  -24.5   1.025e-24   1.094e-29    4.354e-30  
  -24.6   3.797e-25   3.113e-30    1.202e-30  
  -24.7   1.384e-25   8.712e-31    3.261e-31  
  -24.8   4.965e-26   2.397e-31    8.700e-32  
  -24.9   1.752e-26   6.486e-32    2.282e-32  
  -25.0   6.080e-27   1.726e-32    5.883e-33  
  -25.1   2.076e-27   4.514e-33    1.491e-33  
  -25.2   6.969e-28   1.161e-33    3.714e-34  
  -25.3   2.301e-28   2.936e-34    9.097e-35  
  -25.4   7.474e-29   7.299e-35    2.190e-35  
  -25.5   2.387e-29   1.784e-35    5.182e-36  
  -25.6   7.496e-30   4.287e-36    1.205e-36  
  -25.7   2.315e-30   1.013e-36    2.756e-37  
  -25.8   7.029e-31   2.352e-37    6.193e-38  
  -25.9   2.099e-31   5.371e-38    1.368e-38  
  -26.0   6.161e-32   1.205e-38    2.970e-39  
  -26.1   1.778e-32   2.660e-39    6.338e-40  
  -26.2   5.045e-33   5.769e-40    1.329e-40  
  -26.3   1.407e-33   1.230e-40    2.740e-41  
  -26.4   3.860e-34   2.578e-41    5.552e-42  
  -26.5   1.041e-34   5.311e-42    1.106e-42  
  -26.6   2.758e-35   1.076e-42    2.164e-43  
  -26.7   7.185e-36   2.141e-43    4.163e-44  
  -26.8   1.840e-36   4.189e-44    7.869e-45  
  -26.9   4.632e-37   8.057e-45    1.462e-45  
  -27.0   1.146e-37   1.523e-45    2.670e-46  
  -27.1   2.788e-38   2.830e-46    4.791e-47  
  -27.2   6.667e-39   5.168e-47    8.450e-48  
  -27.3   1.567e-39   9.276e-48    1.465e-48  
  -27.4   3.619e-40   1.636e-48    2.495e-49  
  -27.5   8.216e-41   2.838e-49    4.177e-50  
  -27.6   1.833e-41   4.836e-50    6.871e-51  
  -27.7   4.021e-42   8.100e-51    1.111e-51  
  -27.8   8.667e-43   1.333e-51    1.765e-52  
  -27.9   1.836e-43   2.157e-52    2.756e-53  
  -28.0   3.823e-44   3.431e-53    4.229e-54  
