# z=22.0: redshift
# eps=0.6: maximum star formation efficiency for FFB
# -----
# MUV, Phi=dN/dMUV [cMpc^-3 Mag^-1]
#   [none, disc, shell], extinction models: no dust, disc mode, or shell mode
#     extinction for shell mode is stronger that for disc mode, see details in Li, Dekel+23
    MUV   Phi[none]   Phi[disc]   Phi[shell]  
  -14.0   6.161e-05   6.058e-05    6.055e-05  
  -14.1   5.670e-05   5.570e-05    5.567e-05  
  -14.2   5.216e-05   5.119e-05    5.116e-05  
  -14.3   4.795e-05   4.701e-05    4.698e-05  
  -14.4   4.406e-05   4.315e-05    4.312e-05  
  -14.5   4.046e-05   3.958e-05    3.955e-05  
  -14.6   3.713e-05   3.628e-05    3.625e-05  
  -14.7   3.405e-05   3.323e-05    3.320e-05  
  -14.8   3.121e-05   3.042e-05    3.039e-05  
  -14.9   2.858e-05   2.782e-05    2.779e-05  
  -15.0   2.616e-05   2.542e-05    2.539e-05  
  -15.1   2.392e-05   2.320e-05    2.317e-05  
  -15.2   2.185e-05   2.116e-05    2.113e-05  
  -15.3   1.994e-05   1.928e-05    1.925e-05  
  -15.4   1.818e-05   1.754e-05    1.751e-05  
  -15.5   1.656e-05   1.594e-05    1.591e-05  
  -15.6   1.506e-05   1.446e-05    1.444e-05  
  -15.7   1.368e-05   1.310e-05    1.308e-05  
  -15.8   1.241e-05   1.185e-05    1.183e-05  
  -15.9   1.124e-05   1.069e-05    1.068e-05  
  -16.0   1.017e-05   9.631e-06    9.623e-06  
  -16.1   9.175e-06   8.655e-06    8.650e-06  
  -16.2   8.265e-06   7.759e-06    7.758e-06  
  -16.3   7.429e-06   6.936e-06    6.939e-06  
  -16.4   6.662e-06   6.182e-06    6.189e-06  
  -16.5   5.958e-06   5.492e-06    5.502e-06  
  -16.6   5.314e-06   4.861e-06    4.876e-06  
  -16.7   4.726e-06   4.286e-06    4.304e-06  
  -16.8   4.189e-06   3.764e-06    3.784e-06  
  -16.9   3.700e-06   3.290e-06    3.313e-06  
  -17.0   3.256e-06   2.862e-06    2.887e-06  
  -17.1   2.854e-06   2.477e-06    2.504e-06  
  -17.2   2.491e-06   2.132e-06    2.159e-06  
  -17.3   2.165e-06   1.824e-06    1.852e-06  
  -17.4   1.872e-06   1.551e-06    1.579e-06  
  -17.5   1.610e-06   1.310e-06    1.338e-06  
  -17.6   1.378e-06   1.100e-06    1.126e-06  
  -17.7   1.173e-06   9.161e-07    9.410e-07  
  -17.8   9.920e-07   7.575e-07    7.807e-07  
  -17.9   8.341e-07   6.215e-07    6.428e-07  
  -18.0   6.969e-07   5.059e-07    5.250e-07  
  -18.1   5.785e-07   4.083e-07    4.253e-07  
  -18.2   4.769e-07   3.267e-07    3.416e-07  
  -18.3   3.904e-07   2.591e-07    2.720e-07  
  -18.4   3.173e-07   2.036e-07    2.146e-07  
  -18.5   2.560e-07   1.585e-07    1.677e-07  
  -18.6   2.050e-07   1.222e-07    1.298e-07  
  -18.7   1.629e-07   9.332e-08    9.946e-08  
  -18.8   1.284e-07   7.053e-08    7.545e-08  
  -18.9   1.004e-07   5.277e-08    5.665e-08  
  -19.0   7.789e-08   3.907e-08    4.208e-08  
  -19.1   5.993e-08   2.862e-08    3.092e-08  
  -19.2   4.573e-08   2.073e-08    2.247e-08  
  -19.3   3.460e-08   1.486e-08    1.614e-08  
  -19.4   2.596e-08   1.053e-08    1.147e-08  
  -19.5   1.931e-08   7.378e-09    8.049e-09  
  -19.6   1.425e-08   5.110e-09    5.584e-09  
  -19.7   1.042e-08   3.498e-09    3.827e-09  
  -19.8   7.555e-09   2.366e-09    2.590e-09  
  -19.9   5.431e-09   1.581e-09    1.732e-09  
  -20.0   3.871e-09   1.044e-09    1.143e-09  
  -20.1   2.736e-09   6.808e-10    7.449e-10  
  -20.2   1.917e-09   4.384e-10    4.791e-10  
  -20.3   1.332e-09   2.788e-10    3.041e-10  
  -20.4   9.175e-10   1.750e-10    1.904e-10  
  -20.5   6.267e-10   1.084e-10    1.176e-10  
  -20.6   4.245e-10   6.630e-11    7.168e-11  
  -20.7   2.852e-10   4.000e-11    4.308e-11  
  -20.8   1.900e-10   2.381e-11    2.552e-11  
  -20.9   1.255e-10   1.398e-11    1.491e-11  
  -21.0   8.224e-11   8.100e-12    8.585e-12  
  -21.1   5.345e-11   4.627e-12    4.872e-12  
  -21.2   3.445e-11   2.606e-12    2.725e-12  
  -21.3   2.203e-11   1.447e-12    1.502e-12  
  -21.4   1.397e-11   7.921e-13    8.152e-13  
  -21.5   8.792e-12   4.274e-13    4.360e-13  
  -21.6   5.488e-12   2.273e-13    2.297e-13  
  -21.7   3.398e-12   1.191e-13    1.191e-13  
  -21.8   2.086e-12   6.148e-14    6.087e-14  
  -21.9   1.271e-12   3.127e-14    3.062e-14  
  -22.0   7.679e-13   1.567e-14    1.517e-14  
  -22.1   4.601e-13   7.735e-15    7.396e-15  
  -22.2   2.734e-13   3.760e-15    3.550e-15  
  -22.3   1.611e-13   1.800e-15    1.677e-15  
  -22.4   9.408e-14   8.488e-16    7.801e-16  
  -22.5   5.447e-14   3.940e-16    3.570e-16  
  -22.6   3.126e-14   1.801e-16    1.608e-16  
  -22.7   1.777e-14   8.104e-17    7.128e-17  
  -22.8   1.001e-14   3.590e-17    3.108e-17  
  -22.9   5.583e-15   1.565e-17    1.334e-17  
  -23.0   3.083e-15   6.718e-18    5.631e-18  
  -23.1   1.686e-15   2.838e-18    2.339e-18  
  -23.2   9.120e-16   1.180e-18    9.557e-19  
  -23.3   4.881e-16   4.827e-19    3.842e-19  
  -23.4   2.584e-16   1.943e-19    1.519e-19  
  -23.5   1.352e-16   7.698e-20    5.907e-20  
  -23.6   6.996e-17   3.001e-20    2.259e-20  
  -23.7   3.576e-17   1.151e-20    8.501e-21  
  -23.8   1.806e-17   4.341e-21    3.145e-21  
  -23.9   9.005e-18   1.611e-21    1.144e-21  
  -24.0   4.433e-18   5.884e-22    4.096e-22  
  -24.1   2.154e-18   2.113e-22    1.441e-22  
  -24.2   1.033e-18   7.467e-23    4.987e-23  
  -24.3   4.887e-19   2.595e-23    1.697e-23  
  -24.4   2.280e-19   8.869e-24    5.678e-24  
  -24.5   1.049e-19   2.982e-24    1.868e-24  
  -24.6   4.759e-20   9.858e-25    6.043e-25  
  -24.7   2.128e-20   3.206e-25    1.922e-25  
  -24.8   9.375e-21   1.025e-25    6.009e-26  
  -24.9   4.070e-21   3.223e-26    1.847e-26  
  -25.0   1.741e-21   9.967e-27    5.584e-27  
  -25.1   7.333e-22   3.031e-27    1.659e-27  
  -25.2   3.042e-22   9.062e-28    4.847e-28  
  -25.3   1.243e-22   2.664e-28    1.392e-28  
  -25.4   5.000e-23   7.702e-29    3.929e-29  
  -25.5   1.980e-23   2.189e-29    1.090e-29  
  -25.6   7.717e-24   6.117e-30    2.975e-30  
  -25.7   2.961e-24   1.681e-30    7.977e-31  
  -25.8   1.118e-24   4.540e-31    2.103e-31  
  -25.9   4.153e-25   1.206e-31    5.448e-32  
  -26.0   1.518e-25   3.148e-32    1.388e-32  
  -26.1   5.462e-26   8.080e-33    3.474e-33  
  -26.2   1.933e-26   2.039e-33    8.548e-34  
  -26.3   6.729e-27   5.058e-34    2.067e-34  
  -26.4   2.304e-27   1.233e-34    4.915e-35  
  -26.5   7.762e-28   2.956e-35    1.148e-35  
  -26.6   2.572e-28   6.966e-36    2.638e-36  
  -26.7   8.379e-29   1.614e-36    5.953e-37  
  -26.8   2.685e-29   3.674e-37    1.321e-37  
  -26.9   8.463e-30   8.222e-38    2.880e-38  
  -27.0   2.623e-30   1.809e-38    6.172e-39  
  -27.1   7.992e-31   3.911e-39    1.300e-39  
  -27.2   2.395e-31   8.314e-40    2.691e-40  
  -27.3   7.056e-32   1.737e-40    5.474e-41  
  -27.4   2.044e-32   3.566e-41    1.094e-41  
  -27.5   5.822e-33   7.198e-42    2.151e-42  
  -27.6   1.630e-33   1.428e-42    4.153e-43  
  -27.7   4.489e-34   2.784e-43    7.882e-44  
  -27.8   1.215e-34   5.335e-44    1.470e-44  
  -27.9   3.232e-35   1.005e-44    2.695e-45  
  -28.0   8.455e-36   1.860e-45    4.854e-46  
