# z=16.5: redshift
# eps=0.5: maximum star formation efficiency for FFB
# -----
# MUV, Phi=dN/dMUV [cMpc^-3 Mag^-1]
#   [none, disc, shell], extinction models: no dust, disc mode, or shell mode
#     extinction for shell mode is stronger that for disc mode, see details in Li, Dekel+23
    MUV   Phi[none]   Phi[disc]   Phi[shell]  
  -14.0   2.344e-03   2.278e-03    2.278e-03  
  -14.1   2.094e-03   2.032e-03    2.033e-03  
  -14.2   1.872e-03   1.815e-03    1.815e-03  
  -14.3   1.675e-03   1.621e-03    1.622e-03  
  -14.4   1.500e-03   1.450e-03    1.450e-03  
  -14.5   1.345e-03   1.298e-03    1.299e-03  
  -14.6   1.207e-03   1.164e-03    1.164e-03  
  -14.7   1.085e-03   1.044e-03    1.045e-03  
  -14.8   9.764e-04   9.384e-04    9.385e-04  
  -14.9   8.796e-04   8.442e-04    8.443e-04  
  -15.0   7.935e-04   7.603e-04    7.604e-04  
  -15.1   7.167e-04   6.857e-04    6.858e-04  
  -15.2   6.482e-04   6.191e-04    6.192e-04  
  -15.3   5.869e-04   5.596e-04    5.597e-04  
  -15.4   5.321e-04   5.064e-04    5.065e-04  
  -15.5   4.829e-04   4.587e-04    4.588e-04  
  -15.6   4.387e-04   4.159e-04    4.160e-04  
  -15.7   3.989e-04   3.775e-04    3.775e-04  
  -15.8   3.631e-04   3.428e-04    3.429e-04  
  -15.9   3.307e-04   3.115e-04    3.116e-04  
  -16.0   3.014e-04   2.833e-04    2.833e-04  
  -16.1   2.749e-04   2.577e-04    2.577e-04  
  -16.2   2.509e-04   2.345e-04    2.345e-04  
  -16.3   2.290e-04   2.135e-04    2.135e-04  
  -16.4   2.091e-04   1.943e-04    1.943e-04  
  -16.5   1.909e-04   1.769e-04    1.769e-04  
  -16.6   1.744e-04   1.610e-04    1.610e-04  
  -16.7   1.593e-04   1.465e-04    1.465e-04  
  -16.8   1.454e-04   1.333e-04    1.333e-04  
  -16.9   1.328e-04   1.212e-04    1.212e-04  
  -17.0   1.212e-04   1.101e-04    1.101e-04  
  -17.1   1.105e-04   9.997e-05    9.996e-05  
  -17.2   1.008e-04   9.068e-05    9.067e-05  
  -17.3   9.182e-05   8.217e-05    8.214e-05  
  -17.4   8.358e-05   7.435e-05    7.432e-05  
  -17.5   7.600e-05   6.718e-05    6.714e-05  
  -17.6   6.904e-05   6.060e-05    6.055e-05  
  -17.7   6.263e-05   5.456e-05    5.449e-05  
  -17.8   5.673e-05   4.901e-05    4.892e-05  
  -17.9   5.131e-05   4.392e-05    4.381e-05  
  -18.0   4.631e-05   3.924e-05    3.912e-05  
  -18.1   4.172e-05   3.496e-05    3.481e-05  
  -18.2   3.749e-05   3.104e-05    3.087e-05  
  -18.3   3.361e-05   2.746e-05    2.726e-05  
  -18.4   3.005e-05   2.419e-05    2.397e-05  
  -18.5   2.678e-05   2.121e-05    2.097e-05  
  -18.6   2.379e-05   1.851e-05    1.824e-05  
  -18.7   2.106e-05   1.607e-05    1.578e-05  
  -18.8   1.857e-05   1.388e-05    1.357e-05  
  -18.9   1.631e-05   1.191e-05    1.158e-05  
  -19.0   1.426e-05   1.015e-05    9.818e-06  
  -19.1   1.241e-05   8.599e-06    8.258e-06  
  -19.2   1.074e-05   7.231e-06    6.889e-06  
  -19.3   9.253e-06   6.035e-06    5.698e-06  
  -19.4   7.925e-06   4.997e-06    4.670e-06  
  -19.5   6.747e-06   4.104e-06    3.792e-06  
  -19.6   5.710e-06   3.342e-06    3.048e-06  
  -19.7   4.802e-06   2.697e-06    2.426e-06  
  -19.8   4.011e-06   2.157e-06    1.909e-06  
  -19.9   3.328e-06   1.709e-06    1.487e-06  
  -20.0   2.742e-06   1.340e-06    1.144e-06  
  -20.1   2.242e-06   1.041e-06    8.708e-07  
  -20.2   1.820e-06   7.995e-07    6.547e-07  
  -20.3   1.467e-06   6.078e-07    4.862e-07  
  -20.4   1.172e-06   4.570e-07    3.566e-07  
  -20.5   9.300e-07   3.398e-07    2.582e-07  
  -20.6   7.317e-07   2.497e-07    1.845e-07  
  -20.7   5.711e-07   1.814e-07    1.301e-07  
  -20.8   4.421e-07   1.301e-07    9.053e-08  
  -20.9   3.394e-07   9.224e-08    6.212e-08  
  -21.0   2.584e-07   6.456e-08    4.204e-08  
  -21.1   1.951e-07   4.461e-08    2.805e-08  
  -21.2   1.460e-07   3.042e-08    1.845e-08  
  -21.3   1.084e-07   2.047e-08    1.196e-08  
  -21.4   7.979e-08   1.359e-08    7.639e-09  
  -21.5   5.824e-08   8.900e-09    4.807e-09  
  -21.6   4.215e-08   5.747e-09    2.980e-09  
  -21.7   3.025e-08   3.659e-09    1.819e-09  
  -21.8   2.153e-08   2.297e-09    1.094e-09  
  -21.9   1.519e-08   1.421e-09    6.474e-10  
  -22.0   1.063e-08   8.660e-10    3.773e-10  
  -22.1   7.380e-09   5.201e-10    2.164e-10  
  -22.2   5.081e-09   3.078e-10    1.222e-10  
  -22.3   3.469e-09   1.794e-10    6.789e-11  
  -22.4   2.350e-09   1.030e-10    3.712e-11  
  -22.5   1.579e-09   5.821e-11    1.997e-11  
  -22.6   1.052e-09   3.240e-11    1.057e-11  
  -22.7   6.956e-10   1.776e-11    5.503e-12  
  -22.8   4.563e-10   9.584e-12    2.819e-12  
  -22.9   2.969e-10   5.091e-12    1.420e-12  
  -23.0   1.917e-10   2.662e-12    7.037e-13  
  -23.1   1.228e-10   1.370e-12    3.430e-13  
  -23.2   7.807e-11   6.939e-13    1.644e-13  
  -23.3   4.924e-11   3.459e-13    7.750e-14  
  -23.4   3.082e-11   1.697e-13    3.593e-14  
  -23.5   1.914e-11   8.190e-14    1.638e-14  
  -23.6   1.179e-11   3.890e-14    7.341e-15  
  -23.7   7.209e-12   1.818e-14    3.236e-15  
  -23.8   4.373e-12   8.356e-15    1.402e-15  
  -23.9   2.632e-12   3.779e-15    5.975e-16  
  -24.0   1.572e-12   1.681e-15    2.503e-16  
  -24.1   9.313e-13   7.358e-16    1.031e-16  
  -24.2   5.473e-13   3.168e-16    4.175e-17  
  -24.3   3.191e-13   1.341e-16    1.662e-17  
  -24.4   1.846e-13   5.586e-17    6.504e-18  
  -24.5   1.059e-13   2.288e-17    2.503e-18  
  -24.6   6.023e-14   9.218e-18    9.466e-19  
  -24.7   3.398e-14   3.652e-18    3.519e-19  
  -24.8   1.901e-14   1.423e-18    1.286e-19  
  -24.9   1.054e-14   5.451e-19    4.622e-20  
  -25.0   5.795e-15   2.054e-19    1.632e-20  
  -25.1   3.158e-15   7.608e-20    5.667e-21  
  -25.2   1.705e-15   2.772e-20    1.934e-21  
  -25.3   9.121e-16   9.927e-21    6.486e-22  
  -25.4   4.834e-16   3.496e-21    2.138e-22  
  -25.5   2.537e-16   1.211e-21    6.930e-23  
  -25.6   1.319e-16   4.121e-22    2.207e-23  
  -25.7   6.785e-17   1.379e-22    6.911e-24  
  -25.8   3.455e-17   4.539e-23    2.127e-24  
  -25.9   1.741e-17   1.469e-23    6.432e-25  
  -26.0   8.679e-18   4.671e-24    1.912e-25  
  -26.1   4.279e-18   1.460e-24    5.586e-26  
  -26.2   2.086e-18   4.489e-25    1.604e-26  
  -26.3   1.005e-18   1.356e-25    4.527e-27  
  -26.4   4.788e-19   4.029e-26    1.256e-27  
  -26.5   2.253e-19   1.176e-26    3.423e-28  
  -26.6   1.047e-19   3.376e-27    9.172e-29  
  -26.7   4.805e-20   9.526e-28    2.415e-29  
  -26.8   2.177e-20   2.642e-28    6.250e-30  
  -26.9   9.737e-21   7.202e-29    1.590e-30  
  -27.0   4.297e-21   1.930e-29    3.974e-31  
  -27.1   1.871e-21   5.082e-30    9.761e-32  
  -27.2   8.035e-22   1.316e-30    2.357e-32  
  -27.3   3.403e-22   3.348e-31    5.591e-33  
  -27.4   1.421e-22   8.372e-32    1.304e-33  
  -27.5   5.849e-23   2.058e-32    2.987e-34  
  -27.6   2.373e-23   4.972e-33    6.727e-35  
  -27.7   9.486e-24   1.181e-33    1.489e-35  
  -27.8   3.736e-24   2.755e-34    3.238e-36  
  -27.9   1.450e-24   6.320e-35    6.920e-37  
  -28.0   5.540e-25   1.425e-35    1.453e-37  
