# z=8.5: redshift
# eps=0.4: maximum star formation efficiency for FFB
# -----
# MUV, Phi=dN/dMUV [cMpc^-3 Mag^-1]
#   [none, disc, shell], extinction models: no dust, disc mode, or shell mode
#     extinction for shell mode is stronger that for disc mode, see details in Li, Dekel+23
    MUV   Phi[none]   Phi[disc]   Phi[shell]  
  -15.0   2.329e-02   2.228e-02    2.228e-02  
  -15.1   2.140e-02   2.042e-02    2.042e-02  
  -15.2   1.966e-02   1.871e-02    1.871e-02  
  -15.3   1.806e-02   1.714e-02    1.714e-02  
  -15.4   1.658e-02   1.570e-02    1.570e-02  
  -15.5   1.522e-02   1.437e-02    1.437e-02  
  -15.6   1.397e-02   1.315e-02    1.315e-02  
  -15.7   1.282e-02   1.202e-02    1.203e-02  
  -15.8   1.176e-02   1.100e-02    1.100e-02  
  -15.9   1.079e-02   1.005e-02    1.005e-02  
  -16.0   9.898e-03   9.184e-03    9.185e-03  
  -16.1   9.077e-03   8.390e-03    8.390e-03  
  -16.2   8.323e-03   7.661e-03    7.662e-03  
  -16.3   7.631e-03   6.994e-03    6.995e-03  
  -16.4   6.996e-03   6.384e-03    6.385e-03  
  -16.5   6.413e-03   5.825e-03    5.826e-03  
  -16.6   5.879e-03   5.313e-03    5.314e-03  
  -16.7   5.388e-03   4.845e-03    4.846e-03  
  -16.8   4.939e-03   4.417e-03    4.419e-03  
  -16.9   4.527e-03   4.027e-03    4.028e-03  
  -17.0   4.149e-03   3.669e-03    3.671e-03  
  -17.1   3.803e-03   3.343e-03    3.345e-03  
  -17.2   3.486e-03   3.045e-03    3.047e-03  
  -17.3   3.195e-03   2.773e-03    2.775e-03  
  -17.4   2.929e-03   2.525e-03    2.527e-03  
  -17.5   2.685e-03   2.299e-03    2.301e-03  
  -17.6   2.462e-03   2.092e-03    2.094e-03  
  -17.7   2.258e-03   1.904e-03    1.906e-03  
  -17.8   2.070e-03   1.732e-03    1.735e-03  
  -17.9   1.899e-03   1.576e-03    1.579e-03  
  -18.0   1.742e-03   1.433e-03    1.436e-03  
  -18.1   1.598e-03   1.303e-03    1.307e-03  
  -18.2   1.466e-03   1.185e-03    1.188e-03  
  -18.3   1.346e-03   1.077e-03    1.081e-03  
  -18.4   1.235e-03   9.789e-04    9.831e-04  
  -18.5   1.134e-03   8.894e-04    8.941e-04  
  -18.6   1.041e-03   8.080e-04    8.131e-04  
  -18.7   9.561e-04   7.339e-04    7.394e-04  
  -18.8   8.782e-04   6.664e-04    6.723e-04  
  -18.9   8.067e-04   6.049e-04    6.114e-04  
  -19.0   7.412e-04   5.490e-04    5.559e-04  
  -19.1   6.811e-04   4.981e-04    5.055e-04  
  -19.2   6.260e-04   4.518e-04    4.596e-04  
  -19.3   5.754e-04   4.097e-04    4.178e-04  
  -19.4   5.289e-04   3.714e-04    3.798e-04  
  -19.5   4.863e-04   3.365e-04    3.451e-04  
  -19.6   4.471e-04   3.048e-04    3.135e-04  
  -19.7   4.112e-04   2.760e-04    2.847e-04  
  -19.8   3.781e-04   2.498e-04    2.583e-04  
  -19.9   3.477e-04   2.260e-04    2.342e-04  
  -20.0   3.197e-04   2.043e-04    2.120e-04  
  -20.1   2.940e-04   1.847e-04    1.917e-04  
  -20.2   2.704e-04   1.668e-04    1.730e-04  
  -20.3   2.486e-04   1.506e-04    1.558e-04  
  -20.4   2.285e-04   1.359e-04    1.400e-04  
  -20.5   2.100e-04   1.225e-04    1.254e-04  
  -20.6   1.929e-04   1.104e-04    1.119e-04  
  -20.7   1.772e-04   9.944e-05    9.942e-05  
  -20.8   1.627e-04   8.949e-05    8.797e-05  
  -20.9   1.493e-04   8.047e-05    7.744e-05  
  -21.0   1.370e-04   7.229e-05    6.780e-05  
  -21.1   1.255e-04   6.489e-05    5.901e-05  
  -21.2   1.150e-04   5.818e-05    5.101e-05  
  -21.3   1.052e-04   5.210e-05    4.380e-05  
  -21.4   9.618e-05   4.660e-05    3.732e-05  
  -21.5   8.783e-05   4.161e-05    3.154e-05  
  -21.6   8.010e-05   3.709e-05    2.644e-05  
  -21.7   7.295e-05   3.299e-05    2.197e-05  
  -21.8   6.633e-05   2.927e-05    1.808e-05  
  -21.9   6.020e-05   2.590e-05    1.474e-05  
  -22.0   5.453e-05   2.285e-05    1.190e-05  
  -22.1   4.929e-05   2.008e-05    9.511e-06  
  -22.2   4.445e-05   1.758e-05    7.521e-06  
  -22.3   3.999e-05   1.532e-05    5.885e-06  
  -22.4   3.587e-05   1.329e-05    4.554e-06  
  -22.5   3.207e-05   1.146e-05    3.487e-06  
  -22.6   2.859e-05   9.822e-06    2.640e-06  
  -22.7   2.539e-05   8.365e-06    1.977e-06  
  -22.8   2.247e-05   7.074e-06    1.464e-06  
  -22.9   1.980e-05   5.938e-06    1.073e-06  
  -23.0   1.738e-05   4.944e-06    7.779e-07  
  -23.1   1.518e-05   4.082e-06    5.582e-07  
  -23.2   1.320e-05   3.341e-06    3.965e-07  
  -23.3   1.141e-05   2.709e-06    2.789e-07  
  -23.4   9.820e-06   2.175e-06    1.943e-07  
  -23.5   8.401e-06   1.730e-06    1.341e-07  
  -23.6   7.145e-06   1.361e-06    9.177e-08  
  -23.7   6.039e-06   1.060e-06    6.225e-08  
  -23.8   5.072e-06   8.171e-07    4.187e-08  
  -23.9   4.231e-06   6.227e-07    2.793e-08  
  -24.0   3.505e-06   4.694e-07    1.847e-08  
  -24.1   2.884e-06   3.499e-07    1.211e-08  
  -24.2   2.354e-06   2.578e-07    7.877e-09  
  -24.3   1.908e-06   1.878e-07    5.077e-09  
  -24.4   1.534e-06   1.353e-07    3.243e-09  
  -24.5   1.223e-06   9.628e-08    2.053e-09  
  -24.6   9.674e-07   6.774e-08    1.287e-09  
  -24.7   7.587e-07   4.710e-08    7.989e-10  
  -24.8   5.899e-07   3.236e-08    4.909e-10  
  -24.9   4.546e-07   2.198e-08    2.986e-10  
  -25.0   3.472e-07   1.475e-08    1.798e-10  
  -25.1   2.628e-07   9.783e-09    1.071e-10  
  -25.2   1.970e-07   6.412e-09    6.308e-11  
  -25.3   1.463e-07   4.153e-09    3.676e-11  
  -25.4   1.077e-07   2.658e-09    2.119e-11  
  -25.5   7.845e-08   1.681e-09    1.208e-11  
  -25.6   5.662e-08   1.051e-09    6.813e-12  
  -25.7   4.046e-08   6.489e-10    3.799e-12  
  -25.8   2.863e-08   3.961e-10    2.095e-12  
  -25.9   2.006e-08   2.389e-10    1.143e-12  
  -26.0   1.391e-08   1.424e-10    6.163e-13  
  -26.1   9.556e-09   8.386e-11    3.287e-13  
  -26.2   6.498e-09   4.881e-11    1.734e-13  
  -26.3   4.374e-09   2.808e-11    9.044e-14  
  -26.4   2.916e-09   1.596e-11    4.665e-14  
  -26.5   1.924e-09   8.966e-12    2.379e-14  
  -26.6   1.257e-09   4.978e-12    1.200e-14  
  -26.7   8.135e-10   2.731e-12    5.986e-15  
  -26.8   5.212e-10   1.481e-12    2.953e-15  
  -26.9   3.307e-10   7.935e-13    1.440e-15  
  -27.0   2.078e-10   4.202e-13    6.948e-16  
  -27.1   1.293e-10   2.200e-13    3.314e-16  
  -27.2   7.969e-11   1.138e-13    1.563e-16  
  -27.3   4.865e-11   5.817e-14    7.292e-17  
  -27.4   2.942e-11   2.939e-14    3.364e-17  
  -27.5   1.763e-11   1.468e-14    1.535e-17  
  -27.6   1.047e-11   7.244e-15    6.922e-18  
  -27.7   6.155e-12   3.534e-15    3.088e-18  
  -27.8   3.587e-12   1.704e-15    1.362e-18  
  -27.9   2.071e-12   8.120e-16    5.942e-19  
  -28.0   1.185e-12   3.825e-16    2.564e-19  
