# z=10.5: redshift
# eps=0.5: maximum star formation efficiency for FFB
# -----
# MUV, Phi=dN/dMUV [cMpc^-3 Mag^-1]
#   [none, disc, shell], extinction models: no dust, disc mode, or shell mode
#     extinction for shell mode is stronger that for disc mode, see details in Li, Dekel+23
    MUV   Phi[none]   Phi[disc]   Phi[shell]  
  -14.0   2.358e-02   2.299e-02    2.299e-02  
  -14.1   2.166e-02   2.109e-02    2.109e-02  
  -14.2   1.990e-02   1.935e-02    1.935e-02  
  -14.3   1.829e-02   1.775e-02    1.775e-02  
  -14.4   1.680e-02   1.628e-02    1.628e-02  
  -14.5   1.543e-02   1.493e-02    1.494e-02  
  -14.6   1.418e-02   1.370e-02    1.370e-02  
  -14.7   1.303e-02   1.256e-02    1.256e-02  
  -14.8   1.197e-02   1.152e-02    1.152e-02  
  -14.9   1.100e-02   1.056e-02    1.056e-02  
  -15.0   1.010e-02   9.688e-03    9.688e-03  
  -15.1   9.285e-03   8.884e-03    8.885e-03  
  -15.2   8.533e-03   8.147e-03    8.147e-03  
  -15.3   7.843e-03   7.471e-03    7.472e-03  
  -15.4   7.210e-03   6.851e-03    6.852e-03  
  -15.5   6.629e-03   6.283e-03    6.284e-03  
  -15.6   6.095e-03   5.762e-03    5.763e-03  
  -15.7   5.606e-03   5.284e-03    5.285e-03  
  -15.8   5.156e-03   4.846e-03    4.847e-03  
  -15.9   4.743e-03   4.445e-03    4.446e-03  
  -16.0   4.364e-03   4.077e-03    4.078e-03  
  -16.1   4.016e-03   3.739e-03    3.740e-03  
  -16.2   3.696e-03   3.430e-03    3.431e-03  
  -16.3   3.403e-03   3.146e-03    3.147e-03  
  -16.4   3.133e-03   2.886e-03    2.887e-03  
  -16.5   2.885e-03   2.647e-03    2.648e-03  
  -16.6   2.658e-03   2.428e-03    2.429e-03  
  -16.7   2.448e-03   2.227e-03    2.229e-03  
  -16.8   2.256e-03   2.043e-03    2.044e-03  
  -16.9   2.079e-03   1.874e-03    1.875e-03  
  -17.0   1.916e-03   1.719e-03    1.720e-03  
  -17.1   1.766e-03   1.576e-03    1.578e-03  
  -17.2   1.629e-03   1.446e-03    1.447e-03  
  -17.3   1.502e-03   1.326e-03    1.327e-03  
  -17.4   1.385e-03   1.216e-03    1.217e-03  
  -17.5   1.278e-03   1.114e-03    1.116e-03  
  -17.6   1.179e-03   1.021e-03    1.024e-03  
  -17.7   1.088e-03   9.362e-04    9.384e-04  
  -17.8   1.004e-03   8.579e-04    8.602e-04  
  -17.9   9.261e-04   7.859e-04    7.885e-04  
  -18.0   8.547e-04   7.199e-04    7.226e-04  
  -18.1   7.889e-04   6.592e-04    6.620e-04  
  -18.2   7.282e-04   6.034e-04    6.065e-04  
  -18.3   6.721e-04   5.522e-04    5.554e-04  
  -18.4   6.204e-04   5.052e-04    5.086e-04  
  -18.5   5.727e-04   4.620e-04    4.656e-04  
  -18.6   5.286e-04   4.223e-04    4.261e-04  
  -18.7   4.879e-04   3.858e-04    3.898e-04  
  -18.8   4.503e-04   3.523e-04    3.565e-04  
  -18.9   4.155e-04   3.216e-04    3.259e-04  
  -19.0   3.834e-04   2.934e-04    2.978e-04  
  -19.1   3.537e-04   2.675e-04    2.720e-04  
  -19.2   3.263e-04   2.437e-04    2.482e-04  
  -19.3   3.009e-04   2.219e-04    2.263e-04  
  -19.4   2.774e-04   2.019e-04    2.062e-04  
  -19.5   2.556e-04   1.835e-04    1.876e-04  
  -19.6   2.355e-04   1.667e-04    1.704e-04  
  -19.7   2.168e-04   1.513e-04    1.545e-04  
  -19.8   1.996e-04   1.371e-04    1.399e-04  
  -19.9   1.836e-04   1.241e-04    1.263e-04  
  -20.0   1.687e-04   1.123e-04    1.137e-04  
  -20.1   1.550e-04   1.014e-04    1.020e-04  
  -20.2   1.422e-04   9.141e-05    9.117e-05  
  -20.3   1.304e-04   8.229e-05    8.117e-05  
  -20.4   1.195e-04   7.396e-05    7.192e-05  
  -20.5   1.093e-04   6.634e-05    6.339e-05  
  -20.6   9.985e-05   5.937e-05    5.556e-05  
  -20.7   9.110e-05   5.302e-05    4.840e-05  
  -20.8   8.297e-05   4.722e-05    4.188e-05  
  -20.9   7.544e-05   4.193e-05    3.598e-05  
  -21.0   6.846e-05   3.712e-05    3.067e-05  
  -21.1   6.198e-05   3.275e-05    2.595e-05  
  -21.2   5.599e-05   2.879e-05    2.176e-05  
  -21.3   5.045e-05   2.520e-05    1.809e-05  
  -21.4   4.533e-05   2.196e-05    1.491e-05  
  -21.5   4.060e-05   1.904e-05    1.217e-05  
  -21.6   3.625e-05   1.642e-05    9.840e-06  
  -21.7   3.225e-05   1.408e-05    7.878e-06  
  -21.8   2.859e-05   1.200e-05    6.245e-06  
  -21.9   2.524e-05   1.016e-05    4.901e-06  
  -22.0   2.219e-05   8.545e-06    3.807e-06  
  -22.1   1.941e-05   7.130e-06    2.928e-06  
  -22.2   1.690e-05   5.903e-06    2.228e-06  
  -22.3   1.465e-05   4.846e-06    1.679e-06  
  -22.4   1.262e-05   3.944e-06    1.252e-06  
  -22.5   1.081e-05   3.180e-06    9.247e-07  
  -22.6   9.210e-06   2.539e-06    6.760e-07  
  -22.7   7.796e-06   2.007e-06    4.892e-07  
  -22.8   6.556e-06   1.571e-06    3.506e-07  
  -22.9   5.476e-06   1.216e-06    2.488e-07  
  -23.0   4.543e-06   9.312e-07    1.748e-07  
  -23.1   3.741e-06   7.050e-07    1.216e-07  
  -23.2   3.057e-06   5.277e-07    8.372e-08  
  -23.3   2.479e-06   3.904e-07    5.707e-08  
  -23.4   1.995e-06   2.854e-07    3.851e-08  
  -23.5   1.592e-06   2.061e-07    2.572e-08  
  -23.6   1.259e-06   1.470e-07    1.700e-08  
  -23.7   9.879e-07   1.036e-07    1.111e-08  
  -23.8   7.681e-07   7.210e-08    7.186e-09  
  -23.9   5.918e-07   4.955e-08    4.597e-09  
  -24.0   4.519e-07   3.363e-08    2.908e-09  
  -24.1   3.418e-07   2.253e-08    1.819e-09  
  -24.2   2.561e-07   1.491e-08    1.125e-09  
  -24.3   1.900e-07   9.737e-09    6.874e-10  
  -24.4   1.396e-07   6.280e-09    4.154e-10  
  -24.5   1.016e-07   3.998e-09    2.481e-10  
  -24.6   7.319e-08   2.513e-09    1.465e-10  
  -24.7   5.220e-08   1.560e-09    8.546e-11  
  -24.8   3.685e-08   9.558e-10    4.928e-11  
  -24.9   2.576e-08   5.782e-10    2.808e-11  
  -25.0   1.782e-08   3.454e-10    1.582e-11  
  -25.1   1.220e-08   2.037e-10    8.806e-12  
  -25.2   8.272e-09   1.186e-10    4.844e-12  
  -25.3   5.550e-09   6.818e-11    2.634e-12  
  -25.4   3.687e-09   3.870e-11    1.415e-12  
  -25.5   2.424e-09   2.169e-11    7.516e-13  
  -25.6   1.578e-09   1.201e-11    3.945e-13  
  -25.7   1.017e-09   6.562e-12    2.046e-13  
  -25.8   6.493e-10   3.542e-12    1.049e-13  
  -25.9   4.104e-10   1.888e-12    5.315e-14  
  -26.0   2.569e-10   9.936e-13    2.662e-14  
  -26.1   1.593e-10   5.165e-13    1.317e-14  
  -26.2   9.789e-11   2.652e-13    6.444e-15  
  -26.3   5.959e-11   1.345e-13    3.115e-15  
  -26.4   3.595e-11   6.734e-14    1.489e-15  
  -26.5   2.149e-11   3.331e-14    7.030e-16  
  -26.6   1.274e-11   1.628e-14    3.281e-16  
  -26.7   7.487e-12   7.856e-15    1.514e-16  
  -26.8   4.362e-12   3.745e-15    6.903e-17  
  -26.9   2.521e-12   1.764e-15    3.111e-17  
  -27.0   1.444e-12   8.206e-16    1.386e-17  
  -27.1   8.209e-13   3.772e-16    6.101e-18  
  -27.2   4.628e-13   1.713e-16    2.655e-18  
  -27.3   2.588e-13   7.682e-17    1.142e-18  
  -27.4   1.435e-13   3.405e-17    4.856e-19  
  -27.5   7.898e-14   1.491e-17    2.041e-19  
  -27.6   4.310e-14   6.449e-18    8.476e-20  
  -27.7   2.333e-14   2.757e-18    3.480e-20  
  -27.8   1.252e-14   1.164e-18    1.412e-20  
  -27.9   6.667e-15   4.859e-19    5.665e-21  
  -28.0   3.519e-15   2.003e-19    2.246e-21  
