# z=22.0: redshift
# eps=0.5: maximum star formation efficiency for FFB
# -----
# MUV, Phi=dN/dMUV [cMpc^-3 Mag^-1]
#   [none, disc, shell], extinction models: no dust, disc mode, or shell mode
#     extinction for shell mode is stronger that for disc mode, see details in Li, Dekel+23
    MUV   Phi[none]   Phi[disc]   Phi[shell]  
  -14.0   5.295e-05   5.206e-05    5.204e-05  
  -14.1   4.868e-05   4.782e-05    4.780e-05  
  -14.2   4.474e-05   4.390e-05    4.388e-05  
  -14.3   4.108e-05   4.028e-05    4.025e-05  
  -14.4   3.771e-05   3.693e-05    3.690e-05  
  -14.5   3.459e-05   3.384e-05    3.381e-05  
  -14.6   3.170e-05   3.098e-05    3.095e-05  
  -14.7   2.904e-05   2.834e-05    2.831e-05  
  -14.8   2.658e-05   2.590e-05    2.587e-05  
  -14.9   2.431e-05   2.365e-05    2.362e-05  
  -15.0   2.221e-05   2.158e-05    2.155e-05  
  -15.1   2.027e-05   1.966e-05    1.964e-05  
  -15.2   1.849e-05   1.790e-05    1.787e-05  
  -15.3   1.684e-05   1.627e-05    1.625e-05  
  -15.4   1.532e-05   1.477e-05    1.475e-05  
  -15.5   1.392e-05   1.339e-05    1.337e-05  
  -15.6   1.263e-05   1.211e-05    1.210e-05  
  -15.7   1.145e-05   1.094e-05    1.093e-05  
  -15.8   1.035e-05   9.863e-06    9.851e-06  
  -15.9   9.347e-06   8.870e-06    8.862e-06  
  -16.0   8.423e-06   7.958e-06    7.953e-06  
  -16.1   7.573e-06   7.121e-06    7.119e-06  
  -16.2   6.794e-06   6.353e-06    6.355e-06  
  -16.3   6.080e-06   5.650e-06    5.655e-06  
  -16.4   5.426e-06   5.007e-06    5.016e-06  
  -16.5   4.827e-06   4.421e-06    4.433e-06  
  -16.6   4.282e-06   3.887e-06    3.902e-06  
  -16.7   3.784e-06   3.403e-06    3.420e-06  
  -16.8   3.333e-06   2.965e-06    2.984e-06  
  -16.9   2.923e-06   2.570e-06    2.591e-06  
  -17.0   2.553e-06   2.216e-06    2.238e-06  
  -17.1   2.220e-06   1.900e-06    1.922e-06  
  -17.2   1.922e-06   1.618e-06    1.641e-06  
  -17.3   1.655e-06   1.370e-06    1.393e-06  
  -17.4   1.417e-06   1.152e-06    1.174e-06  
  -17.5   1.207e-06   9.618e-07    9.828e-07  
  -17.6   1.023e-06   7.971e-07    8.167e-07  
  -17.7   8.608e-07   6.555e-07    6.736e-07  
  -17.8   7.200e-07   5.347e-07    5.512e-07  
  -17.9   5.984e-07   4.326e-07    4.474e-07  
  -18.0   4.939e-07   3.470e-07    3.600e-07  
  -18.1   4.049e-07   2.759e-07    2.871e-07  
  -18.2   3.295e-07   2.173e-07    2.269e-07  
  -18.3   2.662e-07   1.696e-07    1.777e-07  
  -18.4   2.134e-07   1.311e-07    1.378e-07  
  -18.5   1.698e-07   1.003e-07    1.058e-07  
  -18.6   1.341e-07   7.604e-08    8.043e-08  
  -18.7   1.050e-07   5.703e-08    6.050e-08  
  -18.8   8.156e-08   4.233e-08    4.503e-08  
  -18.9   6.285e-08   3.109e-08    3.315e-08  
  -19.0   4.802e-08   2.258e-08    2.414e-08  
  -19.1   3.639e-08   1.623e-08    1.738e-08  
  -19.2   2.735e-08   1.153e-08    1.237e-08  
  -19.3   2.038e-08   8.099e-09    8.702e-09  
  -19.4   1.505e-08   5.624e-09    6.049e-09  
  -19.5   1.103e-08   3.860e-09    4.154e-09  
  -19.6   8.007e-09   2.618e-09    2.818e-09  
  -19.7   5.765e-09   1.755e-09    1.888e-09  
  -19.8   4.116e-09   1.162e-09    1.249e-09  
  -19.9   2.913e-09   7.598e-10    8.156e-10  
  -20.0   2.044e-09   4.907e-10    5.258e-10  
  -20.1   1.422e-09   3.130e-10    3.345e-10  
  -20.2   9.813e-10   1.971e-10    2.099e-10  
  -20.3   6.713e-10   1.225e-10    1.300e-10  
  -20.4   4.554e-10   7.513e-11    7.942e-11  
  -20.5   3.064e-10   4.548e-11    4.784e-11  
  -20.6   2.044e-10   2.717e-11    2.842e-11  
  -20.7   1.352e-10   1.601e-11    1.664e-11  
  -20.8   8.875e-11   9.306e-12    9.609e-12  
  -20.9   5.776e-11   5.335e-12    5.468e-12  
  -21.0   3.729e-11   3.016e-12    3.067e-12  
  -21.1   2.388e-11   1.681e-12    1.695e-12  
  -21.2   1.517e-11   9.238e-13    9.227e-13  
  -21.3   9.558e-12   5.004e-13    4.949e-13  
  -21.4   5.974e-12   2.672e-13    2.615e-13  
  -21.5   3.704e-12   1.406e-13    1.361e-13  
  -21.6   2.278e-12   7.289e-14    6.972e-14  
  -21.7   1.390e-12   3.724e-14    3.518e-14  
  -21.8   8.408e-13   1.874e-14    1.748e-14  
  -21.9   5.045e-13   9.291e-15    8.551e-15  
  -22.0   3.002e-13   4.537e-15    4.118e-15  
  -22.1   1.772e-13   2.182e-15    1.952e-15  
  -22.2   1.036e-13   1.034e-15    9.107e-16  
  -22.3   6.010e-14   4.821e-16    4.182e-16  
  -22.4   3.454e-14   2.214e-16    1.890e-16  
  -22.5   1.967e-14   1.001e-16    8.404e-17  
  -22.6   1.110e-14   4.455e-17    3.677e-17  
  -22.7   6.202e-15   1.952e-17    1.583e-17  
  -22.8   3.431e-15   8.420e-18    6.707e-18  
  -22.9   1.879e-15   3.575e-18    2.795e-18  
  -23.0   1.019e-15   1.494e-18    1.146e-18  
  -23.1   5.463e-16   6.141e-19    4.623e-19  
  -23.2   2.898e-16   2.485e-19    1.834e-19  
  -23.3   1.520e-16   9.895e-20    7.158e-20  
  -23.4   7.878e-17   3.877e-20    2.747e-20  
  -23.5   4.036e-17   1.495e-20    1.037e-20  
  -23.6   2.042e-17   5.668e-21    3.851e-21  
  -23.7   1.021e-17   2.115e-21    1.406e-21  
  -23.8   5.037e-18   7.764e-22    5.051e-22  
  -23.9   2.454e-18   2.803e-22    1.784e-22  
  -24.0   1.179e-18   9.958e-23    6.194e-23  
  -24.1   5.593e-19   3.479e-23    2.115e-23  
  -24.2   2.616e-19   1.196e-23    7.102e-24  
  -24.3   1.207e-19   4.041e-24    2.345e-24  
  -24.4   5.488e-20   1.344e-24    7.613e-25  
  -24.5   2.460e-20   4.393e-25    2.430e-25  
  -24.6   1.087e-20   1.412e-25    7.625e-26  
  -24.7   4.730e-21   4.466e-26    2.353e-26  
  -24.8   2.029e-21   1.389e-26    7.137e-27  
  -24.9   8.569e-22   4.246e-27    2.128e-27  
  -25.0   3.565e-22   1.277e-27    6.240e-28  
  -25.1   1.460e-22   3.774e-28    1.798e-28  
  -25.2   5.891e-23   1.097e-28    5.095e-29  
  -25.3   2.339e-23   3.136e-29    1.419e-29  
  -25.4   9.144e-24   8.814e-30    3.886e-30  
  -25.5   3.518e-24   2.435e-30    1.046e-30  
  -25.6   1.332e-24   6.616e-31    2.767e-31  
  -25.7   4.964e-25   1.767e-31    7.196e-32  
  -25.8   1.820e-25   4.640e-32    1.839e-32  
  -25.9   6.565e-26   1.198e-32    4.622e-33  
  -26.0   2.330e-26   3.040e-33    1.141e-33  
  -26.1   8.136e-27   7.584e-34    2.771e-34  
  -26.2   2.794e-27   1.860e-34    6.612e-35  
  -26.3   9.441e-28   4.484e-35    1.551e-35  
  -26.4   3.137e-28   1.063e-35    3.575e-36  
  -26.5   1.025e-28   2.476e-36    8.098e-37  
  -26.6   3.295e-29   5.670e-37    1.803e-37  
  -26.7   1.042e-29   1.276e-37    3.947e-38  
  -26.8   3.238e-30   2.824e-38    8.489e-39  
  -26.9   9.897e-31   6.143e-39    1.795e-39  
  -27.0   2.975e-31   1.313e-39    3.729e-40  
  -27.1   8.791e-32   2.760e-40    7.614e-41  
  -27.2   2.554e-32   5.700e-41    1.528e-41  
  -27.3   7.297e-33   1.157e-41    3.014e-42  
  -27.4   2.050e-33   2.309e-42    5.842e-43  
  -27.5   5.660e-34   4.528e-43    1.113e-43  
  -27.6   1.537e-34   8.729e-44    2.083e-44  
  -27.7   4.101e-35   1.654e-44    3.833e-45  
  -27.8   1.076e-35   3.079e-45    6.930e-46  
  -27.9   2.775e-36   5.635e-46    1.231e-46  
  -28.0   7.036e-37   1.014e-46    2.150e-47  
