# z=22.5: redshift
# eps=0.3: maximum star formation efficiency for FFB
# -----
# MUV, Phi=dN/dMUV [cMpc^-3 Mag^-1]
#   [none, disc, shell], extinction models: no dust, disc mode, or shell mode
#     extinction for shell mode is stronger that for disc mode, see details in Li, Dekel+23
    MUV   Phi[none]   Phi[disc]   Phi[shell]  
  -15.0   9.672e-06   9.373e-06    9.359e-06  
  -15.1   8.747e-06   8.455e-06    8.443e-06  
  -15.2   7.896e-06   7.612e-06    7.602e-06  
  -15.3   7.115e-06   6.837e-06    6.829e-06  
  -15.4   6.397e-06   6.126e-06    6.119e-06  
  -15.5   5.739e-06   5.474e-06    5.469e-06  
  -15.6   5.136e-06   4.876e-06    4.873e-06  
  -15.7   4.584e-06   4.330e-06    4.328e-06  
  -15.8   4.079e-06   3.831e-06    3.831e-06  
  -15.9   3.619e-06   3.376e-06    3.379e-06  
  -16.0   3.199e-06   2.964e-06    2.968e-06  
  -16.1   2.818e-06   2.590e-06    2.595e-06  
  -16.2   2.473e-06   2.252e-06    2.259e-06  
  -16.3   2.161e-06   1.949e-06    1.956e-06  
  -16.4   1.881e-06   1.677e-06    1.685e-06  
  -16.5   1.629e-06   1.434e-06    1.443e-06  
  -16.6   1.403e-06   1.220e-06    1.228e-06  
  -16.7   1.203e-06   1.030e-06    1.039e-06  
  -16.8   1.026e-06   8.646e-07    8.732e-07  
  -16.9   8.696e-07   7.204e-07    7.286e-07  
  -17.0   7.328e-07   5.958e-07    6.035e-07  
  -17.1   6.136e-07   4.889e-07    4.960e-07  
  -17.2   5.105e-07   3.980e-07    4.044e-07  
  -17.3   4.219e-07   3.214e-07    3.271e-07  
  -17.4   3.463e-07   2.572e-07    2.622e-07  
  -17.5   2.822e-07   2.041e-07    2.084e-07  
  -17.6   2.283e-07   1.605e-07    1.641e-07  
  -17.7   1.833e-07   1.250e-07    1.280e-07  
  -17.8   1.461e-07   9.649e-08    9.891e-08  
  -17.9   1.155e-07   7.373e-08    7.566e-08  
  -18.0   9.060e-08   5.579e-08    5.730e-08  
  -18.1   7.050e-08   4.179e-08    4.294e-08  
  -18.2   5.441e-08   3.098e-08    3.185e-08  
  -18.3   4.164e-08   2.272e-08    2.336e-08  
  -18.4   3.161e-08   1.649e-08    1.695e-08  
  -18.5   2.379e-08   1.184e-08    1.216e-08  
  -18.6   1.776e-08   8.408e-09    8.629e-09  
  -18.7   1.314e-08   5.904e-09    6.051e-09  
  -18.8   9.641e-09   4.100e-09    4.193e-09  
  -18.9   7.014e-09   2.814e-09    2.871e-09  
  -19.0   5.058e-09   1.910e-09    1.942e-09  
  -19.1   3.617e-09   1.281e-09    1.298e-09  
  -19.2   2.564e-09   8.488e-10    8.565e-10  
  -19.3   1.802e-09   5.558e-10    5.581e-10  
  -19.4   1.256e-09   3.595e-10    3.590e-10  
  -19.5   8.680e-10   2.298e-10    2.280e-10  
  -19.6   5.948e-10   1.450e-10    1.429e-10  
  -19.7   4.041e-10   9.038e-11    8.837e-11  
  -19.8   2.723e-10   5.562e-11    5.392e-11  
  -19.9   1.819e-10   3.379e-11    3.245e-11  
  -20.0   1.205e-10   2.027e-11    1.927e-11  
  -20.1   7.922e-11   1.200e-11    1.128e-11  
  -20.2   5.163e-11   7.007e-12    6.513e-12  
  -20.3   3.338e-11   4.039e-12    3.707e-12  
  -20.4   2.141e-11   2.297e-12    2.080e-12  
  -20.5   1.362e-11   1.288e-12    1.150e-12  
  -20.6   8.591e-12   7.127e-13    6.269e-13  
  -20.7   5.377e-12   3.889e-13    3.367e-13  
  -20.8   3.338e-12   2.092e-13    1.782e-13  
  -20.9   2.056e-12   1.110e-13    9.289e-14  
  -21.0   1.256e-12   5.804e-14    4.770e-14  
  -21.1   7.607e-13   2.992e-14    2.413e-14  
  -21.2   4.570e-13   1.520e-14    1.202e-14  
  -21.3   2.723e-13   7.609e-15    5.895e-15  
  -21.4   1.609e-13   3.754e-15    2.847e-15  
  -21.5   9.424e-14   1.825e-15    1.354e-15  
  -21.6   5.472e-14   8.738e-16    6.338e-16  
  -21.7   3.148e-14   4.122e-16    2.921e-16  
  -21.8   1.795e-14   1.915e-16    1.325e-16  
  -21.9   1.014e-14   8.765e-17    5.916e-17  
  -22.0   5.673e-15   3.950e-17    2.599e-17  
  -22.1   3.142e-15   1.753e-17    1.124e-17  
  -22.2   1.723e-15   7.660e-18    4.783e-18  
  -22.3   9.351e-16   3.295e-18    2.003e-18  
  -22.4   5.020e-16   1.396e-18    8.250e-19  
  -22.5   2.665e-16   5.819e-19    3.344e-19  
  -22.6   1.399e-16   2.388e-19    1.333e-19  
  -22.7   7.262e-17   9.648e-20    5.230e-20  
  -22.8   3.724e-17   3.836e-20    2.018e-20  
  -22.9   1.886e-17   1.501e-20    7.659e-21  
  -23.0   9.437e-18   5.779e-21    2.860e-21  
  -23.1   4.661e-18   2.190e-21    1.050e-21  
  -23.2   2.273e-18   8.164e-22    3.792e-22  
  -23.3   1.093e-18   2.995e-22    1.347e-22  
  -23.4   5.189e-19   1.081e-22    4.705e-23  
  -23.5   2.429e-19   3.838e-23    1.616e-23  
  -23.6   1.121e-19   1.341e-23    5.460e-24  
  -23.7   5.104e-20   4.606e-24    1.814e-24  
  -23.8   2.290e-20   1.557e-24    5.925e-25  
  -23.9   1.012e-20   5.177e-25    1.903e-25  
  -24.0   4.409e-21   1.693e-25    6.010e-26  
  -24.1   1.892e-21   5.446e-26    1.866e-26  
  -24.2   7.998e-22   1.723e-26    5.697e-27  
  -24.3   3.330e-22   5.361e-27    1.710e-27  
  -24.4   1.365e-22   1.640e-27    5.047e-28  
  -24.5   5.509e-23   4.936e-28    1.464e-28  
  -24.6   2.189e-23   1.461e-28    4.176e-29  
  -24.7   8.562e-24   4.250e-29    1.171e-29  
  -24.8   3.296e-24   1.216e-29    3.228e-30  
  -24.9   1.249e-24   3.422e-30    8.749e-31  
  -25.0   4.656e-25   9.468e-31    2.331e-31  
  -25.1   1.708e-25   2.575e-31    6.103e-32  
  -25.2   6.165e-26   6.888e-32    1.571e-32  
  -25.3   2.189e-26   1.811e-32    3.975e-33  
  -25.4   7.649e-27   4.683e-33    9.888e-34  
  -25.5   2.629e-27   1.191e-33    2.417e-34  
  -25.6   8.885e-28   2.975e-34    5.810e-35  
  -25.7   2.954e-28   7.310e-35    1.372e-35  
  -25.8   9.660e-29   1.766e-35    3.186e-36  
  -25.9   3.106e-29   4.192e-36    7.271e-37  
  -26.0   9.824e-30   9.786e-37    1.631e-37  
  -26.1   3.055e-30   2.245e-37    3.595e-38  
  -26.2   9.344e-31   5.065e-38    7.791e-39  
  -26.3   2.810e-31   1.123e-38    1.659e-39  
  -26.4   8.309e-32   2.448e-39    3.473e-40  
  -26.5   2.416e-32   5.245e-40    7.144e-41  
  -26.6   6.904e-33   1.105e-40    1.444e-41  
  -26.7   1.940e-33   2.287e-41    2.870e-42  
  -26.8   5.361e-34   4.654e-42    5.605e-43  
  -26.9   1.456e-34   9.308e-43    1.076e-43  
  -27.0   3.888e-35   1.830e-43    2.029e-44  
  -27.1   1.021e-35   3.536e-44    3.762e-45  
  -27.2   2.634e-36   6.716e-45    6.854e-46  
  -27.3   6.682e-37   1.254e-45    1.227e-46  
  -27.4   1.666e-37   2.300e-46    2.159e-47  
  -27.5   4.084e-38   4.148e-47    3.734e-48  
  -27.6   9.841e-39   7.352e-48    6.345e-49  
  -27.7   2.331e-39   1.281e-48    1.060e-49  
  -27.8   5.426e-40   2.193e-49    1.739e-50  
  -27.9   1.241e-40   3.689e-50    2.805e-51  
  -28.0   2.792e-41   6.101e-51    4.445e-52  
