# z=10.5: redshift
# eps=0.8: maximum star formation efficiency for FFB
# -----
# MUV, Phi=dN/dMUV [cMpc^-3 Mag^-1]
#   [none, disc, shell], extinction models: no dust, disc mode, or shell mode
#     extinction for shell mode is stronger that for disc mode, see details in Li, Dekel+23
    MUV   Phi[none]   Phi[disc]   Phi[shell]  
  -12.0   1.275e-01   1.264e-01    1.264e-01  
  -12.1   1.177e-01   1.166e-01    1.166e-01  
  -12.2   1.087e-01   1.076e-01    1.076e-01  
  -12.3   1.003e-01   9.930e-02    9.930e-02  
  -12.4   9.257e-02   9.159e-02    9.159e-02  
  -12.5   8.542e-02   8.447e-02    8.447e-02  
  -12.6   7.881e-02   7.789e-02    7.789e-02  
  -12.7   7.271e-02   7.181e-02    7.181e-02  
  -12.8   6.707e-02   6.620e-02    6.620e-02  
  -12.9   6.186e-02   6.101e-02    6.101e-02  
  -13.0   5.706e-02   5.623e-02    5.623e-02  
  -13.1   5.262e-02   5.182e-02    5.182e-02  
  -13.2   4.853e-02   4.775e-02    4.775e-02  
  -13.3   4.475e-02   4.399e-02    4.399e-02  
  -13.4   4.126e-02   4.053e-02    4.053e-02  
  -13.5   3.805e-02   3.734e-02    3.734e-02  
  -13.6   3.508e-02   3.439e-02    3.439e-02  
  -13.7   3.235e-02   3.168e-02    3.168e-02  
  -13.8   2.983e-02   2.918e-02    2.918e-02  
  -13.9   2.751e-02   2.688e-02    2.688e-02  
  -14.0   2.537e-02   2.476e-02    2.476e-02  
  -14.1   2.339e-02   2.280e-02    2.280e-02  
  -14.2   2.158e-02   2.100e-02    2.100e-02  
  -14.3   1.990e-02   1.935e-02    1.935e-02  
  -14.4   1.836e-02   1.782e-02    1.782e-02  
  -14.5   1.693e-02   1.642e-02    1.642e-02  
  -14.6   1.562e-02   1.512e-02    1.512e-02  
  -14.7   1.442e-02   1.393e-02    1.393e-02  
  -14.8   1.330e-02   1.283e-02    1.283e-02  
  -14.9   1.228e-02   1.182e-02    1.182e-02  
  -15.0   1.133e-02   1.089e-02    1.089e-02  
  -15.1   1.046e-02   1.004e-02    1.004e-02  
  -15.2   9.661e-03   9.247e-03    9.248e-03  
  -15.3   8.922e-03   8.521e-03    8.522e-03  
  -15.4   8.241e-03   7.853e-03    7.853e-03  
  -15.5   7.612e-03   7.237e-03    7.238e-03  
  -15.6   7.033e-03   6.670e-03    6.671e-03  
  -15.7   6.499e-03   6.148e-03    6.148e-03  
  -15.8   6.007e-03   5.666e-03    5.667e-03  
  -15.9   5.553e-03   5.223e-03    5.224e-03  
  -16.0   5.134e-03   4.815e-03    4.815e-03  
  -16.1   4.747e-03   4.438e-03    4.439e-03  
  -16.2   4.390e-03   4.091e-03    4.092e-03  
  -16.3   4.061e-03   3.772e-03    3.772e-03  
  -16.4   3.757e-03   3.477e-03    3.478e-03  
  -16.5   3.476e-03   3.205e-03    3.206e-03  
  -16.6   3.217e-03   2.954e-03    2.955e-03  
  -16.7   2.978e-03   2.723e-03    2.724e-03  
  -16.8   2.756e-03   2.510e-03    2.511e-03  
  -16.9   2.552e-03   2.314e-03    2.315e-03  
  -17.0   2.363e-03   2.132e-03    2.133e-03  
  -17.1   2.188e-03   1.965e-03    1.966e-03  
  -17.2   2.027e-03   1.810e-03    1.812e-03  
  -17.3   1.877e-03   1.668e-03    1.669e-03  
  -17.4   1.739e-03   1.536e-03    1.538e-03  
  -17.5   1.611e-03   1.415e-03    1.416e-03  
  -17.6   1.493e-03   1.303e-03    1.304e-03  
  -17.7   1.383e-03   1.199e-03    1.201e-03  
  -17.8   1.281e-03   1.104e-03    1.106e-03  
  -17.9   1.187e-03   1.016e-03    1.018e-03  
  -18.0   1.100e-03   9.344e-04    9.363e-04  
  -18.1   1.020e-03   8.592e-04    8.613e-04  
  -18.2   9.451e-04   7.899e-04    7.921e-04  
  -18.3   8.758e-04   7.259e-04    7.283e-04  
  -18.4   8.116e-04   6.668e-04    6.694e-04  
  -18.5   7.521e-04   6.123e-04    6.150e-04  
  -18.6   6.970e-04   5.620e-04    5.649e-04  
  -18.7   6.458e-04   5.156e-04    5.187e-04  
  -18.8   5.983e-04   4.728e-04    4.760e-04  
  -18.9   5.543e-04   4.333e-04    4.368e-04  
  -19.0   5.135e-04   3.969e-04    4.006e-04  
  -19.1   4.756e-04   3.634e-04    3.672e-04  
  -19.2   4.404e-04   3.324e-04    3.364e-04  
  -19.3   4.078e-04   3.039e-04    3.081e-04  
  -19.4   3.775e-04   2.777e-04    2.820e-04  
  -19.5   3.494e-04   2.535e-04    2.579e-04  
  -19.6   3.233e-04   2.313e-04    2.357e-04  
  -19.7   2.990e-04   2.108e-04    2.152e-04  
  -19.8   2.765e-04   1.920e-04    1.963e-04  
  -19.9   2.556e-04   1.747e-04    1.788e-04  
  -20.0   2.361e-04   1.588e-04    1.626e-04  
  -20.1   2.180e-04   1.443e-04    1.477e-04  
  -20.2   2.012e-04   1.309e-04    1.338e-04  
  -20.3   1.856e-04   1.186e-04    1.210e-04  
  -20.4   1.711e-04   1.073e-04    1.091e-04  
  -20.5   1.576e-04   9.698e-05    9.805e-05  
  -20.6   1.451e-04   8.753e-05    8.781e-05  
  -20.7   1.334e-04   7.889e-05    7.833e-05  
  -20.8   1.225e-04   7.098e-05    6.956e-05  
  -20.9   1.124e-04   6.376e-05    6.146e-05  
  -21.0   1.030e-04   5.717e-05    5.401e-05  
  -21.1   9.424e-05   5.115e-05    4.718e-05  
  -21.2   8.609e-05   4.567e-05    4.096e-05  
  -21.3   7.852e-05   4.068e-05    3.531e-05  
  -21.4   7.148e-05   3.614e-05    3.022e-05  
  -21.5   6.493e-05   3.202e-05    2.567e-05  
  -21.6   5.885e-05   2.827e-05    2.163e-05  
  -21.7   5.322e-05   2.488e-05    1.807e-05  
  -21.8   4.799e-05   2.181e-05    1.497e-05  
  -21.9   4.315e-05   1.904e-05    1.229e-05  
  -22.0   3.868e-05   1.654e-05    9.999e-06  
  -22.1   3.455e-05   1.429e-05    8.059e-06  
  -22.2   3.076e-05   1.228e-05    6.435e-06  
  -22.3   2.727e-05   1.049e-05    5.090e-06  
  -22.4   2.408e-05   8.899e-06    3.987e-06  
  -22.5   2.117e-05   7.495e-06    3.093e-06  
  -22.6   1.853e-05   6.265e-06    2.376e-06  
  -22.7   1.613e-05   5.193e-06    1.808e-06  
  -22.8   1.397e-05   4.268e-06    1.362e-06  
  -22.9   1.204e-05   3.475e-06    1.017e-06  
  -23.0   1.031e-05   2.803e-06    7.513e-07  
  -23.1   8.776e-06   2.238e-06    5.497e-07  
  -23.2   7.423e-06   1.768e-06    3.983e-07  
  -23.3   6.237e-06   1.382e-06    2.857e-07  
  -23.4   5.204e-06   1.069e-06    2.029e-07  
  -23.5   4.312e-06   8.169e-07    1.426e-07  
  -23.6   3.545e-06   6.172e-07    9.922e-08  
  -23.7   2.893e-06   4.608e-07    6.830e-08  
  -23.8   2.342e-06   3.400e-07    4.652e-08  
  -23.9   1.881e-06   2.478e-07    3.135e-08  
  -24.0   1.497e-06   1.783e-07    2.089e-08  
  -24.1   1.182e-06   1.268e-07    1.377e-08  
  -24.2   9.247e-07   8.900e-08    8.971e-09  
  -24.3   7.170e-07   6.169e-08    5.779e-09  
  -24.4   5.508e-07   4.222e-08    3.681e-09  
  -24.5   4.192e-07   2.853e-08    2.317e-09  
  -24.6   3.160e-07   1.903e-08    1.442e-09  
  -24.7   2.359e-07   1.253e-08    8.869e-10  
  -24.8   1.744e-07   8.149e-09    5.391e-10  
  -24.9   1.276e-07   5.230e-09    3.239e-10  
  -25.0   9.244e-08   3.314e-09    1.923e-10  
  -25.1   6.630e-08   2.072e-09    1.128e-10  
  -25.2   4.706e-08   1.280e-09    6.541e-11  
  -25.3   3.307e-08   7.798e-10    3.748e-11  
  -25.4   2.299e-08   4.692e-10    2.122e-11  
  -25.5   1.582e-08   2.787e-10    1.188e-11  
  -25.6   1.078e-08   1.634e-10    6.568e-12  
  -25.7   7.266e-09   9.458e-11    3.590e-12  
  -25.8   4.848e-09   5.405e-11    1.939e-12  
  -25.9   3.201e-09   3.050e-11    1.035e-12  
  -26.0   2.093e-09   1.699e-11    5.459e-13  
  -26.1   1.354e-09   9.342e-12    2.846e-13  
  -26.2   8.676e-10   5.073e-12    1.466e-13  
  -26.3   5.504e-10   2.720e-12    7.466e-14  
  -26.4   3.458e-10   1.440e-12    3.757e-14  
  -26.5   2.152e-10   7.528e-13    1.868e-14  
  -26.6   1.326e-10   3.886e-13    9.183e-15  
  -26.7   8.100e-11   1.981e-13    4.461e-15  
  -26.8   4.902e-11   9.972e-14    2.142e-15  
  -26.9   2.940e-11   4.958e-14    1.016e-15  
  -27.0   1.748e-11   2.434e-14    4.765e-16  
  -27.1   1.031e-11   1.181e-14    2.209e-16  
  -27.2   6.025e-12   5.655e-15    1.012e-16  
  -27.3   3.493e-12   2.675e-15    4.581e-17  
  -27.4   2.009e-12   1.250e-15    2.050e-17  
  -27.5   1.146e-12   5.770e-16    9.065e-18  
  -27.6   6.484e-13   2.631e-16    3.963e-18  
  -27.7   3.640e-13   1.185e-16    1.712e-18  
  -27.8   2.028e-13   5.272e-17    7.311e-19  
  -27.9   1.121e-13   2.317e-17    3.086e-19  
  -28.0   6.145e-14   1.006e-17    1.287e-19  
