# z=9.0: redshift
# eps=0.8: maximum star formation efficiency for FFB
# -----
# MUV, Phi=dN/dMUV [cMpc^-3 Mag^-1]
#   [none, disc, shell], extinction models: no dust, disc mode, or shell mode
#     extinction for shell mode is stronger that for disc mode, see details in Li, Dekel+23
    MUV   Phi[none]   Phi[disc]   Phi[shell]  
  -14.0   4.598e-02   4.484e-02    4.484e-02  
  -14.1   4.242e-02   4.132e-02    4.132e-02  
  -14.2   3.914e-02   3.807e-02    3.807e-02  
  -14.3   3.611e-02   3.507e-02    3.507e-02  
  -14.4   3.331e-02   3.230e-02    3.230e-02  
  -14.5   3.073e-02   2.974e-02    2.974e-02  
  -14.6   2.834e-02   2.738e-02    2.739e-02  
  -14.7   2.614e-02   2.521e-02    2.521e-02  
  -14.8   2.410e-02   2.320e-02    2.320e-02  
  -14.9   2.222e-02   2.136e-02    2.136e-02  
  -15.0   2.049e-02   1.965e-02    1.965e-02  
  -15.1   1.890e-02   1.808e-02    1.808e-02  
  -15.2   1.742e-02   1.663e-02    1.663e-02  
  -15.3   1.607e-02   1.530e-02    1.530e-02  
  -15.4   1.481e-02   1.407e-02    1.407e-02  
  -15.5   1.366e-02   1.294e-02    1.294e-02  
  -15.6   1.260e-02   1.190e-02    1.190e-02  
  -15.7   1.162e-02   1.095e-02    1.095e-02  
  -15.8   1.071e-02   1.006e-02    1.006e-02  
  -15.9   9.881e-03   9.254e-03    9.254e-03  
  -16.0   9.114e-03   8.508e-03    8.508e-03  
  -16.1   8.407e-03   7.821e-03    7.822e-03  
  -16.2   7.756e-03   7.190e-03    7.190e-03  
  -16.3   7.156e-03   6.609e-03    6.610e-03  
  -16.4   6.603e-03   6.075e-03    6.076e-03  
  -16.5   6.094e-03   5.584e-03    5.585e-03  
  -16.6   5.625e-03   5.132e-03    5.133e-03  
  -16.7   5.193e-03   4.717e-03    4.718e-03  
  -16.8   4.794e-03   4.335e-03    4.336e-03  
  -16.9   4.427e-03   3.984e-03    3.985e-03  
  -17.0   4.088e-03   3.661e-03    3.662e-03  
  -17.1   3.776e-03   3.364e-03    3.365e-03  
  -17.2   3.489e-03   3.091e-03    3.092e-03  
  -17.3   3.224e-03   2.840e-03    2.841e-03  
  -17.4   2.979e-03   2.609e-03    2.610e-03  
  -17.5   2.753e-03   2.396e-03    2.398e-03  
  -17.6   2.545e-03   2.201e-03    2.202e-03  
  -17.7   2.353e-03   2.021e-03    2.023e-03  
  -17.8   2.176e-03   1.856e-03    1.858e-03  
  -17.9   2.013e-03   1.704e-03    1.706e-03  
  -18.0   1.862e-03   1.565e-03    1.566e-03  
  -18.1   1.723e-03   1.436e-03    1.438e-03  
  -18.2   1.594e-03   1.318e-03    1.320e-03  
  -18.3   1.475e-03   1.209e-03    1.211e-03  
  -18.4   1.365e-03   1.109e-03    1.112e-03  
  -18.5   1.264e-03   1.017e-03    1.020e-03  
  -18.6   1.170e-03   9.325e-04    9.355e-04  
  -18.7   1.083e-03   8.547e-04    8.579e-04  
  -18.8   1.003e-03   7.831e-04    7.866e-04  
  -18.9   9.287e-04   7.173e-04    7.211e-04  
  -19.0   8.601e-04   6.568e-04    6.609e-04  
  -19.1   7.966e-04   6.011e-04    6.056e-04  
  -19.2   7.378e-04   5.499e-04    5.549e-04  
  -19.3   6.834e-04   5.029e-04    5.082e-04  
  -19.4   6.330e-04   4.597e-04    4.654e-04  
  -19.5   5.863e-04   4.200e-04    4.261e-04  
  -19.6   5.431e-04   3.835e-04    3.900e-04  
  -19.7   5.031e-04   3.500e-04    3.568e-04  
  -19.8   4.659e-04   3.193e-04    3.264e-04  
  -19.9   4.315e-04   2.911e-04    2.984e-04  
  -20.0   3.996e-04   2.652e-04    2.727e-04  
  -20.1   3.701e-04   2.415e-04    2.491e-04  
  -20.2   3.426e-04   2.197e-04    2.273e-04  
  -20.3   3.172e-04   1.998e-04    2.072e-04  
  -20.4   2.936e-04   1.815e-04    1.886e-04  
  -20.5   2.717e-04   1.648e-04    1.715e-04  
  -20.6   2.513e-04   1.495e-04    1.556e-04  
  -20.7   2.324e-04   1.356e-04    1.409e-04  
  -20.8   2.149e-04   1.228e-04    1.272e-04  
  -20.9   1.986e-04   1.112e-04    1.145e-04  
  -21.0   1.834e-04   1.006e-04    1.027e-04  
  -21.1   1.693e-04   9.091e-05    9.181e-05  
  -21.2   1.563e-04   8.210e-05    8.167e-05  
  -21.3   1.441e-04   7.408e-05    7.230e-05  
  -21.4   1.328e-04   6.678e-05    6.365e-05  
  -21.5   1.222e-04   6.015e-05    5.570e-05  
  -21.6   1.124e-04   5.412e-05    4.844e-05  
  -21.7   1.033e-04   4.864e-05    4.183e-05  
  -21.8   9.483e-05   4.366e-05    3.586e-05  
  -21.9   8.692e-05   3.914e-05    3.050e-05  
  -22.0   7.956e-05   3.503e-05    2.573e-05  
  -22.1   7.272e-05   3.129e-05    2.153e-05  
  -22.2   6.634e-05   2.789e-05    1.785e-05  
  -22.3   6.041e-05   2.479e-05    1.467e-05  
  -22.4   5.490e-05   2.197e-05    1.194e-05  
  -22.5   4.977e-05   1.941e-05    9.631e-06  
  -22.6   4.502e-05   1.707e-05    7.692e-06  
  -22.7   4.061e-05   1.495e-05    6.084e-06  
  -22.8   3.652e-05   1.303e-05    4.765e-06  
  -22.9   3.275e-05   1.129e-05    3.695e-06  
  -23.0   2.927e-05   9.725e-06    2.837e-06  
  -23.1   2.606e-05   8.319e-06    2.158e-06  
  -23.2   2.311e-05   7.064e-06    1.625e-06  
  -23.3   2.042e-05   5.952e-06    1.213e-06  
  -23.4   1.796e-05   4.973e-06    8.962e-07  
  -23.5   1.572e-05   4.119e-06    6.562e-07  
  -23.6   1.370e-05   3.380e-06    4.761e-07  
  -23.7   1.187e-05   2.747e-06    3.423e-07  
  -23.8   1.024e-05   2.211e-06    2.439e-07  
  -23.9   8.774e-06   1.761e-06    1.722e-07  
  -24.0   7.476e-06   1.388e-06    1.205e-07  
  -24.1   6.331e-06   1.082e-06    8.357e-08  
  -24.2   5.326e-06   8.340e-07    5.741e-08  
  -24.3   4.450e-06   6.358e-07    3.907e-08  
  -24.4   3.693e-06   4.792e-07    2.634e-08  
  -24.5   3.042e-06   3.571e-07    1.758e-08  
  -24.6   2.487e-06   2.630e-07    1.162e-08  
  -24.7   2.017e-06   1.914e-07    7.602e-09  
  -24.8   1.623e-06   1.377e-07    4.922e-09  
  -24.9   1.296e-06   9.787e-08    3.154e-09  
  -25.0   1.025e-06   6.874e-08    1.999e-09  
  -25.1   8.043e-07   4.771e-08    1.253e-09  
  -25.2   6.254e-07   3.271e-08    7.775e-10  
  -25.3   4.818e-07   2.216e-08    4.769e-10  
  -25.4   3.678e-07   1.484e-08    2.893e-10  
  -25.5   2.781e-07   9.810e-09    1.736e-10  
  -25.6   2.083e-07   6.409e-09    1.030e-10  
  -25.7   1.545e-07   4.137e-09    6.042e-11  
  -25.8   1.135e-07   2.638e-09    3.505e-11  
  -25.9   8.248e-08   1.662e-09    2.010e-11  
  -26.0   5.936e-08   1.034e-09    1.140e-11  
  -26.1   4.229e-08   6.360e-10    6.395e-12  
  -26.2   2.981e-08   3.864e-10    3.546e-12  
  -26.3   2.080e-08   2.319e-10    1.944e-12  
  -26.4   1.436e-08   1.375e-10    1.054e-12  
  -26.5   9.811e-09   8.054e-11    5.651e-13  
  -26.6   6.633e-09   4.661e-11    2.995e-13  
  -26.7   4.437e-09   2.665e-11    1.570e-13  
  -26.8   2.937e-09   1.506e-11    8.135e-14  
  -26.9   1.924e-09   8.404e-12    4.168e-14  
  -27.0   1.247e-09   4.634e-12    2.112e-14  
  -27.1   8.000e-10   2.525e-12    1.058e-14  
  -27.2   5.079e-10   1.359e-12    5.240e-15  
  -27.3   3.191e-10   7.232e-13    2.567e-15  
  -27.4   1.985e-10   3.801e-13    1.243e-15  
  -27.5   1.222e-10   1.974e-13    5.952e-16  
  -27.6   7.452e-11   1.013e-13    2.818e-16  
  -27.7   4.498e-11   5.137e-14    1.319e-16  
  -27.8   2.690e-11   2.574e-14    6.107e-17  
  -27.9   1.593e-11   1.274e-14    2.795e-17  
  -28.0   9.344e-12   6.235e-15    1.265e-17  
