# z=21.5: redshift
# eps=0.2: maximum star formation efficiency for FFB
# -----
# MUV, Phi=dN/dMUV [cMpc^-3 Mag^-1]
#   [none, disc, shell], extinction models: no dust, disc mode, or shell mode
#     extinction for shell mode is stronger that for disc mode, see details in Li, Dekel+23
    MUV   Phi[none]   Phi[disc]   Phi[shell]  
  -12.0   1.749e-04   1.738e-04    1.738e-04  
  -12.1   1.616e-04   1.605e-04    1.605e-04  
  -12.2   1.492e-04   1.482e-04    1.482e-04  
  -12.3   1.378e-04   1.368e-04    1.367e-04  
  -12.4   1.272e-04   1.262e-04    1.262e-04  
  -12.5   1.174e-04   1.164e-04    1.164e-04  
  -12.6   1.083e-04   1.073e-04    1.073e-04  
  -12.7   9.982e-05   9.893e-05    9.890e-05  
  -12.8   9.201e-05   9.115e-05    9.112e-05  
  -12.9   8.478e-05   8.395e-05    8.392e-05  
  -13.0   7.809e-05   7.728e-05    7.725e-05  
  -13.1   7.190e-05   7.111e-05    7.108e-05  
  -13.2   6.616e-05   6.540e-05    6.537e-05  
  -13.3   6.086e-05   6.012e-05    6.009e-05  
  -13.4   5.595e-05   5.523e-05    5.520e-05  
  -13.5   5.141e-05   5.072e-05    5.069e-05  
  -13.6   4.721e-05   4.654e-05    4.651e-05  
  -13.7   4.333e-05   4.268e-05    4.265e-05  
  -13.8   3.974e-05   3.912e-05    3.909e-05  
  -13.9   3.643e-05   3.582e-05    3.580e-05  
  -14.0   3.336e-05   3.278e-05    3.275e-05  
  -14.1   3.054e-05   2.997e-05    2.995e-05  
  -14.2   2.792e-05   2.738e-05    2.735e-05  
  -14.3   2.551e-05   2.499e-05    2.496e-05  
  -14.4   2.329e-05   2.278e-05    2.275e-05  
  -14.5   2.123e-05   2.074e-05    2.072e-05  
  -14.6   1.934e-05   1.887e-05    1.884e-05  
  -14.7   1.759e-05   1.713e-05    1.711e-05  
  -14.8   1.598e-05   1.554e-05    1.551e-05  
  -14.9   1.450e-05   1.407e-05    1.404e-05  
  -15.0   1.313e-05   1.271e-05    1.269e-05  
  -15.1   1.187e-05   1.146e-05    1.144e-05  
  -15.2   1.072e-05   1.032e-05    1.029e-05  
  -15.3   9.652e-06   9.261e-06    9.241e-06  
  -15.4   8.674e-06   8.291e-06    8.273e-06  
  -15.5   7.776e-06   7.402e-06    7.385e-06  
  -15.6   6.953e-06   6.587e-06    6.571e-06  
  -15.7   6.199e-06   5.842e-06    5.827e-06  
  -15.8   5.510e-06   5.162e-06    5.148e-06  
  -15.9   4.881e-06   4.542e-06    4.529e-06  
  -16.0   4.309e-06   3.980e-06    3.968e-06  
  -16.1   3.789e-06   3.471e-06    3.460e-06  
  -16.2   3.319e-06   3.012e-06    3.002e-06  
  -16.3   2.894e-06   2.600e-06    2.590e-06  
  -16.4   2.512e-06   2.231e-06    2.222e-06  
  -16.5   2.170e-06   1.903e-06    1.895e-06  
  -16.6   1.864e-06   1.613e-06    1.606e-06  
  -16.7   1.593e-06   1.359e-06    1.351e-06  
  -16.8   1.354e-06   1.136e-06    1.129e-06  
  -16.9   1.144e-06   9.431e-07    9.365e-07  
  -17.0   9.603e-07   7.770e-07    7.707e-07  
  -17.1   8.010e-07   6.351e-07    6.291e-07  
  -17.2   6.637e-07   5.149e-07    5.093e-07  
  -17.3   5.462e-07   4.140e-07    4.087e-07  
  -17.4   4.463e-07   3.299e-07    3.250e-07  
  -17.5   3.620e-07   2.606e-07    2.561e-07  
  -17.6   2.915e-07   2.040e-07    1.998e-07  
  -17.7   2.329e-07   1.581e-07    1.544e-07  
  -17.8   1.847e-07   1.214e-07    1.181e-07  
  -17.9   1.453e-07   9.234e-08    8.944e-08  
  -18.0   1.134e-07   6.952e-08    6.701e-08  
  -18.1   8.773e-08   5.180e-08    4.966e-08  
  -18.2   6.735e-08   3.821e-08    3.640e-08  
  -18.3   5.127e-08   2.788e-08    2.638e-08  
  -18.4   3.870e-08   2.013e-08    1.890e-08  
  -18.5   2.897e-08   1.438e-08    1.339e-08  
  -18.6   2.150e-08   1.016e-08    9.368e-09  
  -18.7   1.582e-08   7.094e-09    6.477e-09  
  -18.8   1.155e-08   4.900e-09    4.424e-09  
  -18.9   8.353e-09   3.345e-09    2.985e-09  
  -19.0   5.991e-09   2.258e-09    1.988e-09  
  -19.1   4.261e-09   1.506e-09    1.308e-09  
  -19.2   3.004e-09   9.929e-10    8.490e-10  
  -19.3   2.100e-09   6.467e-10    5.440e-10  
  -19.4   1.456e-09   4.161e-10    3.440e-10  
  -19.5   1.001e-09   2.645e-10    2.146e-10  
  -19.6   6.821e-10   1.660e-10    1.321e-10  
  -19.7   4.610e-10   1.029e-10    8.019e-11  
  -19.8   3.090e-10   6.299e-11    4.801e-11  
  -19.9   2.054e-10   3.806e-11    2.834e-11  
  -20.0   1.354e-10   2.270e-11    1.650e-11  
  -20.1   8.857e-11   1.337e-11    9.464e-12  
  -20.2   5.745e-11   7.765e-12    5.352e-12  
  -20.3   3.697e-11   4.451e-12    2.983e-12  
  -20.4   2.359e-11   2.517e-12    1.638e-12  
  -20.5   1.494e-11   1.404e-12    8.866e-13  
  -20.6   9.381e-12   7.726e-13    4.726e-13  
  -20.7   5.845e-12   4.192e-13    2.482e-13  
  -20.8   3.613e-12   2.243e-13    1.284e-13  
  -20.9   2.215e-12   1.183e-13    6.540e-14  
  -21.0   1.347e-12   6.153e-14    3.280e-14  
  -21.1   8.128e-13   3.154e-14    1.620e-14  
  -21.2   4.863e-13   1.593e-14    7.879e-15  
  -21.3   2.886e-13   7.934e-15    3.772e-15  
  -21.4   1.699e-13   3.892e-15    1.778e-15  
  -21.5   9.912e-14   1.881e-15    8.245e-16  
  -21.6   5.734e-14   8.959e-16    3.764e-16  
  -21.7   3.288e-14   4.202e-16    1.691e-16  
  -21.8   1.869e-14   1.942e-16    7.478e-17  
  -21.9   1.052e-14   8.836e-17    3.254e-17  
  -22.0   5.870e-15   3.960e-17    1.393e-17  
  -22.1   3.243e-15   1.747e-17    5.867e-18  
  -22.2   1.774e-15   7.592e-18    2.431e-18  
  -22.3   9.604e-16   3.248e-18    9.911e-19  
  -22.4   5.146e-16   1.368e-18    3.975e-19  
  -22.5   2.727e-16   5.671e-19    1.568e-19  
  -22.6   1.430e-16   2.314e-19    6.085e-20  
  -22.7   7.410e-17   9.296e-20    2.322e-20  
  -22.8   3.796e-17   3.675e-20    8.718e-21  
  -22.9   1.922e-17   1.430e-20    3.218e-21  
  -23.0   9.609e-18   5.474e-21    1.169e-21  
  -23.1   4.745e-18   2.063e-21    4.173e-22  
  -23.2   2.313e-18   7.646e-22    1.465e-22  
  -23.3   1.113e-18   2.789e-22    5.059e-23  
  -23.4   5.286e-19   1.001e-22    1.718e-23  
  -23.5   2.476e-19   3.533e-23    5.735e-24  
  -23.6   1.144e-19   1.227e-23    1.883e-24  
  -23.7   5.213e-20   4.193e-24    6.077e-25  
  -23.8   2.342e-20   1.409e-24    1.929e-25  
  -23.9   1.037e-20   4.659e-25    6.018e-26  
  -24.0   4.524e-21   1.515e-25    1.846e-26  
  -24.1   1.945e-21   4.845e-26    5.568e-27  
  -24.2   8.238e-22   1.524e-26    1.651e-27  
  -24.3   3.437e-22   4.714e-27    4.813e-28  
  -24.4   1.412e-22   1.434e-27    1.379e-28  
  -24.5   5.713e-23   4.291e-28    3.885e-29  
  -24.6   2.276e-23   1.263e-28    1.076e-29  
  -24.7   8.925e-24   3.653e-29    2.929e-30  
  -24.8   3.445e-24   1.039e-29    7.837e-31  
  -24.9   1.309e-24   2.907e-30    2.062e-31  
  -25.0   4.895e-25   7.997e-31    5.330e-32  
  -25.1   1.801e-25   2.163e-31    1.355e-32  
  -25.2   6.522e-26   5.751e-32    3.384e-33  
  -25.3   2.324e-26   1.504e-32    8.311e-34  
  -25.4   8.144e-27   3.865e-33    2.006e-34  
  -25.5   2.808e-27   9.769e-34    4.758e-35  
  -25.6   9.524e-28   2.427e-34    1.110e-35  
  -25.7   3.177e-28   5.929e-35    2.543e-36  
  -25.8   1.043e-28   1.424e-35    5.727e-37  
  -25.9   3.365e-29   3.361e-36    1.268e-37  
  -26.0   1.068e-29   7.800e-37    2.759e-38  
  -26.1   3.334e-30   1.779e-37    5.900e-39  
  -26.2   1.023e-30   3.991e-38    1.240e-39  
  -26.3   3.089e-31   8.797e-39    2.562e-40  
  -26.4   9.167e-32   1.906e-39    5.200e-41  
  -26.5   2.675e-32   4.061e-40    1.038e-41  
  -26.6   7.676e-33   8.503e-41    2.035e-42  
  -26.7   2.166e-33   1.750e-41    3.921e-43  
  -26.8   6.007e-34   3.540e-42    7.425e-44  
  -26.9   1.638e-34   7.040e-43    1.382e-44  
  -27.0   4.391e-35   1.376e-43    2.528e-45  
  -27.1   1.157e-35   2.643e-44    4.544e-46  
  -27.2   2.998e-36   4.991e-45    8.027e-47  
  -27.3   7.636e-37   9.263e-46    1.394e-47  
  -27.4   1.912e-37   1.690e-46    2.378e-48  
  -27.5   4.705e-38   3.029e-47    3.986e-49  
  -27.6   1.138e-38   5.337e-48    6.567e-50  
  -27.7   2.707e-39   9.243e-49    1.063e-50  
  -27.8   6.326e-40   1.573e-49    1.692e-51  
  -27.9   1.453e-40   2.632e-50    2.645e-52  
  -28.0   3.282e-41   4.327e-51    4.065e-53  
