# z=5.5: redshift
# eps=0.1: maximum star formation efficiency for FFB
# -----
# MUV, Phi=dN/dMUV [cMpc^-3 Mag^-1]
#   [none, disc, shell], extinction models: no dust, disc mode, or shell mode
#     extinction for shell mode is stronger that for disc mode, see details in Li, Dekel+23
    MUV   Phi[none]   Phi[disc]   Phi[shell]  
  -14.0   9.096e-02   8.894e-02    8.894e-02  
  -14.1   8.519e-02   8.319e-02    8.319e-02  
  -14.2   7.977e-02   7.779e-02    7.779e-02  
  -14.3   7.467e-02   7.272e-02    7.272e-02  
  -14.4   6.988e-02   6.795e-02    6.795e-02  
  -14.5   6.538e-02   6.348e-02    6.348e-02  
  -14.6   6.116e-02   5.928e-02    5.928e-02  
  -14.7   5.719e-02   5.533e-02    5.533e-02  
  -14.8   5.346e-02   5.163e-02    5.163e-02  
  -14.9   4.996e-02   4.816e-02    4.816e-02  
  -15.0   4.668e-02   4.490e-02    4.490e-02  
  -15.1   4.360e-02   4.185e-02    4.185e-02  
  -15.2   4.071e-02   3.899e-02    3.899e-02  
  -15.3   3.800e-02   3.630e-02    3.630e-02  
  -15.4   3.546e-02   3.379e-02    3.379e-02  
  -15.5   3.308e-02   3.144e-02    3.144e-02  
  -15.6   3.085e-02   2.923e-02    2.923e-02  
  -15.7   2.876e-02   2.717e-02    2.717e-02  
  -15.8   2.680e-02   2.524e-02    2.524e-02  
  -15.9   2.497e-02   2.343e-02    2.343e-02  
  -16.0   2.325e-02   2.175e-02    2.175e-02  
  -16.1   2.165e-02   2.017e-02    2.017e-02  
  -16.2   2.014e-02   1.869e-02    1.869e-02  
  -16.3   1.874e-02   1.732e-02    1.732e-02  
  -16.4   1.743e-02   1.603e-02    1.603e-02  
  -16.5   1.620e-02   1.483e-02    1.483e-02  
  -16.6   1.505e-02   1.371e-02    1.371e-02  
  -16.7   1.398e-02   1.267e-02    1.267e-02  
  -16.8   1.298e-02   1.170e-02    1.170e-02  
  -16.9   1.204e-02   1.079e-02    1.080e-02  
  -17.0   1.117e-02   9.952e-03    9.953e-03  
  -17.1   1.036e-02   9.168e-03    9.169e-03  
  -17.2   9.598e-03   8.440e-03    8.441e-03  
  -17.3   8.891e-03   7.762e-03    7.763e-03  
  -17.4   8.232e-03   7.133e-03    7.134e-03  
  -17.5   7.619e-03   6.549e-03    6.551e-03  
  -17.6   7.047e-03   6.008e-03    6.010e-03  
  -17.7   6.516e-03   5.506e-03    5.508e-03  
  -17.8   6.021e-03   5.041e-03    5.043e-03  
  -17.9   5.561e-03   4.611e-03    4.613e-03  
  -18.0   5.134e-03   4.213e-03    4.216e-03  
  -18.1   4.737e-03   3.846e-03    3.848e-03  
  -18.2   4.368e-03   3.506e-03    3.509e-03  
  -18.3   4.026e-03   3.193e-03    3.196e-03  
  -18.4   3.708e-03   2.905e-03    2.908e-03  
  -18.5   3.414e-03   2.639e-03    2.643e-03  
  -18.6   3.141e-03   2.395e-03    2.399e-03  
  -18.7   2.888e-03   2.170e-03    2.175e-03  
  -18.8   2.654e-03   1.964e-03    1.970e-03  
  -18.9   2.438e-03   1.775e-03    1.781e-03  
  -19.0   2.237e-03   1.602e-03    1.609e-03  
  -19.1   2.052e-03   1.444e-03    1.451e-03  
  -19.2   1.881e-03   1.300e-03    1.307e-03  
  -19.3   1.724e-03   1.168e-03    1.175e-03  
  -19.4   1.578e-03   1.048e-03    1.055e-03  
  -19.5   1.444e-03   9.389e-04    9.462e-04  
  -19.6   1.320e-03   8.397e-04    8.471e-04  
  -19.7   1.206e-03   7.497e-04    7.570e-04  
  -19.8   1.101e-03   6.683e-04    6.754e-04  
  -19.9   1.005e-03   5.946e-04    6.015e-04  
  -20.0   9.162e-04   5.281e-04    5.346e-04  
  -20.1   8.348e-04   4.682e-04    4.742e-04  
  -20.2   7.601e-04   4.143e-04    4.197e-04  
  -20.3   6.916e-04   3.659e-04    3.705e-04  
  -20.4   6.288e-04   3.225e-04    3.263e-04  
  -20.5   5.712e-04   2.836e-04    2.866e-04  
  -20.6   5.186e-04   2.489e-04    2.510e-04  
  -20.7   4.704e-04   2.180e-04    2.191e-04  
  -20.8   4.264e-04   1.905e-04    1.906e-04  
  -20.9   3.862e-04   1.661e-04    1.651e-04  
  -21.0   3.495e-04   1.445e-04    1.425e-04  
  -21.1   3.160e-04   1.254e-04    1.224e-04  
  -21.2   2.854e-04   1.085e-04    1.046e-04  
  -21.3   2.576e-04   9.372e-05    8.893e-05  
  -21.4   2.323e-04   8.074e-05    7.515e-05  
  -21.5   2.092e-04   6.940e-05    6.310e-05  
  -21.6   1.883e-04   5.953e-05    5.261e-05  
  -21.7   1.692e-04   5.096e-05    4.354e-05  
  -21.8   1.519e-04   4.355e-05    3.574e-05  
  -21.9   1.362e-04   3.717e-05    2.908e-05  
  -22.0   1.220e-04   3.169e-05    2.344e-05  
  -22.1   1.091e-04   2.700e-05    1.871e-05  
  -22.2   9.736e-05   2.301e-05    1.477e-05  
  -22.3   8.677e-05   1.961e-05    1.153e-05  
  -22.4   7.719e-05   1.672e-05    8.897e-06  
  -22.5   6.854e-05   1.428e-05    6.777e-06  
  -22.6   6.073e-05   1.220e-05    5.094e-06  
  -22.7   5.369e-05   1.043e-05    3.776e-06  
  -22.8   4.736e-05   8.930e-06    2.759e-06  
  -22.9   4.166e-05   7.642e-06    1.985e-06  
  -23.0   3.655e-05   6.536e-06    1.406e-06  
  -23.1   3.197e-05   5.581e-06    9.794e-07  
  -23.2   2.788e-05   4.753e-06    6.709e-07  
  -23.3   2.423e-05   4.033e-06    4.517e-07  
  -23.4   2.099e-05   3.406e-06    2.986e-07  
  -23.5   1.811e-05   2.860e-06    1.939e-07  
  -23.6   1.556e-05   2.386e-06    1.236e-07  
  -23.7   1.332e-05   1.975e-06    7.729e-08  
  -23.8   1.135e-05   1.622e-06    4.745e-08  
  -23.9   9.628e-06   1.319e-06    2.859e-08  
  -24.0   8.128e-06   1.063e-06    1.692e-08  
  -24.1   6.826e-06   8.480e-07    9.848e-09  
  -24.2   5.703e-06   6.693e-07    5.642e-09  
  -24.3   4.738e-06   5.226e-07    3.188e-09  
  -24.4   3.913e-06   4.035e-07    1.782e-09  
  -24.5   3.213e-06   3.081e-07    9.882e-10  
  -24.6   2.621e-06   2.325e-07    5.460e-10  
  -24.7   2.125e-06   1.734e-07    3.016e-10  
  -24.8   1.711e-06   1.279e-07    1.672e-10  
  -24.9   1.369e-06   9.316e-08    9.320e-11  
  -25.0   1.087e-06   6.707e-08    5.229e-11  
  -25.1   8.568e-07   4.771e-08    2.949e-11  
  -25.2   6.706e-07   3.354e-08    1.666e-11  
  -25.3   5.209e-07   2.330e-08    9.400e-12  
  -25.4   4.016e-07   1.599e-08    5.272e-12  
  -25.5   3.073e-07   1.084e-08    2.928e-12  
  -25.6   2.334e-07   7.265e-09    1.605e-12  
  -25.7   1.759e-07   4.810e-09    8.667e-13  
  -25.8   1.316e-07   3.146e-09    4.603e-13  
  -25.9   9.770e-08   2.033e-09    2.404e-13  
  -26.0   7.202e-08   1.299e-09    1.235e-13  
  -26.1   5.271e-08   8.195e-10    6.248e-14  
  -26.2   3.832e-08   5.110e-10    3.117e-14  
  -26.3   2.767e-08   3.148e-10    1.537e-14  
  -26.4   1.985e-08   1.917e-10    7.508e-15  
  -26.5   1.415e-08   1.153e-10    3.638e-15  
  -26.6   1.003e-08   6.856e-11    1.752e-15  
  -26.7   7.068e-09   4.028e-11    8.396e-16  
  -26.8   4.952e-09   2.338e-11    4.004e-16  
  -26.9   3.450e-09   1.342e-11    1.901e-16  
  -27.0   2.391e-09   7.606e-12    8.977e-17  
  -27.1   1.647e-09   4.262e-12    4.214e-17  
  -27.2   1.129e-09   2.360e-12    1.964e-17  
  -27.3   7.688e-10   1.291e-12    9.086e-18  
  -27.4   5.205e-10   6.985e-13    4.166e-18  
  -27.5   3.501e-10   3.734e-13    1.893e-18  
  -27.6   2.339e-10   1.973e-13    8.517e-19  
  -27.7   1.552e-10   1.030e-13    3.793e-19  
  -27.8   1.021e-10   5.317e-14    1.672e-19  
  -27.9   6.668e-11   2.712e-14    7.293e-20  
  -28.0   4.316e-11   1.368e-14    3.147e-20  
