# z=18.0: redshift
# eps=0.9: maximum star formation efficiency for FFB
# -----
# MUV, Phi=dN/dMUV [cMpc^-3 Mag^-1]
#   [none, disc, shell], extinction models: no dust, disc mode, or shell mode
#     extinction for shell mode is stronger that for disc mode, see details in Li, Dekel+23
    MUV   Phi[none]   Phi[disc]   Phi[shell]  
  -12.0   1.101e-02   1.087e-02    1.087e-02  
  -12.1   9.541e-03   9.416e-03    9.416e-03  
  -12.2   8.276e-03   8.163e-03    8.163e-03  
  -12.3   7.187e-03   7.085e-03    7.085e-03  
  -12.4   6.252e-03   6.160e-03    6.160e-03  
  -12.5   5.450e-03   5.366e-03    5.366e-03  
  -12.6   4.762e-03   4.687e-03    4.687e-03  
  -12.7   4.173e-03   4.105e-03    4.105e-03  
  -12.8   3.668e-03   3.607e-03    3.607e-03  
  -12.9   3.235e-03   3.180e-03    3.180e-03  
  -13.0   2.863e-03   2.813e-03    2.813e-03  
  -13.1   2.543e-03   2.498e-03    2.498e-03  
  -13.2   2.266e-03   2.225e-03    2.225e-03  
  -13.3   2.027e-03   1.990e-03    1.990e-03  
  -13.4   1.819e-03   1.785e-03    1.785e-03  
  -13.5   1.638e-03   1.606e-03    1.606e-03  
  -13.6   1.479e-03   1.450e-03    1.450e-03  
  -13.7   1.339e-03   1.312e-03    1.312e-03  
  -13.8   1.216e-03   1.191e-03    1.191e-03  
  -13.9   1.106e-03   1.083e-03    1.083e-03  
  -14.0   1.009e-03   9.867e-04    9.866e-04  
  -14.1   9.214e-04   9.006e-04    9.005e-04  
  -14.2   8.429e-04   8.232e-04    8.232e-04  
  -14.3   7.722e-04   7.535e-04    7.534e-04  
  -14.4   7.082e-04   6.904e-04    6.903e-04  
  -14.5   6.501e-04   6.331e-04    6.331e-04  
  -14.6   5.973e-04   5.811e-04    5.810e-04  
  -14.7   5.492e-04   5.336e-04    5.336e-04  
  -14.8   5.052e-04   4.903e-04    4.902e-04  
  -14.9   4.650e-04   4.506e-04    4.505e-04  
  -15.0   4.280e-04   4.142e-04    4.142e-04  
  -15.1   3.942e-04   3.808e-04    3.808e-04  
  -15.2   3.630e-04   3.502e-04    3.501e-04  
  -15.3   3.344e-04   3.220e-04    3.219e-04  
  -15.4   3.080e-04   2.960e-04    2.960e-04  
  -15.5   2.837e-04   2.721e-04    2.720e-04  
  -15.6   2.612e-04   2.501e-04    2.500e-04  
  -15.7   2.405e-04   2.297e-04    2.297e-04  
  -15.8   2.215e-04   2.110e-04    2.110e-04  
  -15.9   2.038e-04   1.937e-04    1.937e-04  
  -16.0   1.875e-04   1.778e-04    1.777e-04  
  -16.1   1.725e-04   1.631e-04    1.630e-04  
  -16.2   1.586e-04   1.495e-04    1.495e-04  
  -16.3   1.458e-04   1.370e-04    1.370e-04  
  -16.4   1.339e-04   1.255e-04    1.254e-04  
  -16.5   1.230e-04   1.148e-04    1.148e-04  
  -16.6   1.129e-04   1.050e-04    1.049e-04  
  -16.7   1.035e-04   9.596e-05    9.587e-05  
  -16.8   9.488e-05   8.760e-05    8.752e-05  
  -16.9   8.691e-05   7.989e-05    7.981e-05  
  -17.0   7.954e-05   7.278e-05    7.271e-05  
  -17.1   7.274e-05   6.623e-05    6.616e-05  
  -17.2   6.646e-05   6.019e-05    6.013e-05  
  -17.3   6.066e-05   5.462e-05    5.457e-05  
  -17.4   5.530e-05   4.949e-05    4.944e-05  
  -17.5   5.036e-05   4.476e-05    4.473e-05  
  -17.6   4.579e-05   4.041e-05    4.038e-05  
  -17.7   4.158e-05   3.640e-05    3.638e-05  
  -17.8   3.770e-05   3.271e-05    3.271e-05  
  -17.9   3.411e-05   2.932e-05    2.933e-05  
  -18.0   3.081e-05   2.621e-05    2.622e-05  
  -18.1   2.777e-05   2.336e-05    2.337e-05  
  -18.2   2.497e-05   2.074e-05    2.076e-05  
  -18.3   2.239e-05   1.835e-05    1.838e-05  
  -18.4   2.003e-05   1.618e-05    1.620e-05  
  -18.5   1.786e-05   1.420e-05    1.422e-05  
  -18.6   1.587e-05   1.240e-05    1.242e-05  
  -18.7   1.405e-05   1.078e-05    1.080e-05  
  -18.8   1.240e-05   9.322e-06    9.333e-06  
  -18.9   1.089e-05   8.017e-06    8.021e-06  
  -19.0   9.527e-06   6.855e-06    6.851e-06  
  -19.1   8.295e-06   5.825e-06    5.813e-06  
  -19.2   7.186e-06   4.918e-06    4.898e-06  
  -19.3   6.193e-06   4.125e-06    4.097e-06  
  -19.4   5.309e-06   3.435e-06    3.400e-06  
  -19.5   4.524e-06   2.840e-06    2.800e-06  
  -19.6   3.833e-06   2.330e-06    2.286e-06  
  -19.7   3.226e-06   1.897e-06    1.850e-06  
  -19.8   2.698e-06   1.532e-06    1.483e-06  
  -19.9   2.242e-06   1.226e-06    1.178e-06  
  -20.0   1.850e-06   9.735e-07    9.267e-07  
  -20.1   1.515e-06   7.658e-07    7.216e-07  
  -20.2   1.232e-06   5.969e-07    5.559e-07  
  -20.3   9.943e-07   4.608e-07    4.237e-07  
  -20.4   7.964e-07   3.523e-07    3.194e-07  
  -20.5   6.329e-07   2.667e-07    2.380e-07  
  -20.6   4.990e-07   1.998e-07    1.753e-07  
  -20.7   3.903e-07   1.480e-07    1.276e-07  
  -20.8   3.028e-07   1.085e-07    9.169e-08  
  -20.9   2.330e-07   7.868e-08    6.508e-08  
  -21.0   1.778e-07   5.639e-08    4.561e-08  
  -21.1   1.345e-07   3.994e-08    3.154e-08  
  -21.2   1.009e-07   2.795e-08    2.153e-08  
  -21.3   7.511e-08   1.933e-08    1.449e-08  
  -21.4   5.542e-08   1.320e-08    9.622e-09  
  -21.5   4.055e-08   8.895e-09    6.299e-09  
  -21.6   2.942e-08   5.919e-09    4.065e-09  
  -21.7   2.116e-08   3.888e-09    2.586e-09  
  -21.8   1.509e-08   2.519e-09    1.621e-09  
  -21.9   1.068e-08   1.611e-09    1.001e-09  
  -22.0   7.489e-09   1.016e-09    6.093e-10  
  -22.1   5.209e-09   6.315e-10    3.651e-10  
  -22.2   3.594e-09   3.872e-10    2.155e-10  
  -22.3   2.459e-09   2.341e-10    1.252e-10  
  -22.4   1.668e-09   1.395e-10    7.167e-11  
  -22.5   1.123e-09   8.191e-11    4.037e-11  
  -22.6   7.497e-10   4.740e-11    2.239e-11  
  -22.7   4.965e-10   2.703e-11    1.222e-11  
  -22.8   3.261e-10   1.519e-11    6.563e-12  
  -22.9   2.125e-10   8.406e-12    3.469e-12  
  -23.0   1.374e-10   4.583e-12    1.805e-12  
  -23.1   8.815e-11   2.461e-12    9.236e-13  
  -23.2   5.610e-11   1.302e-12    4.651e-13  
  -23.3   3.542e-11   6.778e-13    2.304e-13  
  -23.4   2.219e-11   3.476e-13    1.123e-13  
  -23.5   1.379e-11   1.755e-13    5.383e-14  
  -23.6   8.506e-12   8.722e-14    2.538e-14  
  -23.7   5.205e-12   4.267e-14    1.177e-14  
  -23.8   3.160e-12   2.055e-14    5.371e-15  
  -23.9   1.904e-12   9.743e-15    2.410e-15  
  -24.0   1.138e-12   4.546e-15    1.063e-15  
  -24.1   6.744e-13   2.087e-15    4.615e-16  
  -24.2   3.967e-13   9.432e-16    1.969e-16  
  -24.3   2.314e-13   4.194e-16    8.263e-17  
  -24.4   1.339e-13   1.835e-16    3.410e-17  
  -24.5   7.686e-14   7.898e-17    1.383e-17  
  -24.6   4.374e-14   3.345e-17    5.519e-18  
  -24.7   2.469e-14   1.394e-17    2.165e-18  
  -24.8   1.381e-14   5.712e-18    8.348e-19  
  -24.9   7.661e-15   2.303e-18    3.165e-19  
  -25.0   4.211e-15   9.134e-19    1.180e-19  
  -25.1   2.294e-15   3.563e-19    4.324e-20  
  -25.2   1.238e-15   1.367e-19    1.558e-20  
  -25.3   6.617e-16   5.160e-20    5.518e-21  
  -25.4   3.503e-16   1.915e-20    1.921e-21  
  -25.5   1.836e-16   6.990e-21    6.576e-22  
  -25.6   9.525e-17   2.509e-21    2.213e-22  
  -25.7   4.890e-17   8.858e-22    7.319e-23  
  -25.8   2.483e-17   3.075e-22    2.379e-23  
  -25.9   1.248e-17   1.050e-22    7.604e-24  
  -26.0   6.197e-18   3.523e-23    2.389e-24  
  -26.1   3.043e-18   1.163e-23    7.376e-25  
  -26.2   1.476e-18   3.773e-24    2.238e-25  
  -26.3   7.078e-19   1.204e-24    6.677e-26  
  -26.4   3.352e-19   3.777e-25    1.958e-26  
  -26.5   1.567e-19   1.165e-25    5.642e-27  
  -26.6   7.235e-20   3.532e-26    1.598e-27  
  -26.7   3.296e-20   1.053e-26    4.449e-28  
  -26.8   1.482e-20   3.086e-27    1.217e-28  
  -26.9   6.572e-21   8.891e-28    3.274e-29  
  -27.0   2.875e-21   2.518e-28    8.652e-30  
  -27.1   1.240e-21   7.012e-29    2.247e-30  
  -27.2   5.273e-22   1.919e-29    5.738e-31  
  -27.3   2.210e-22   5.164e-30    1.440e-31  
  -27.4   9.130e-23   1.366e-30    3.550e-32  
  -27.5   3.716e-23   3.551e-31    8.602e-33  
  -27.6   1.490e-23   9.074e-32    2.049e-33  
  -27.7   5.886e-24   2.280e-32    4.795e-34  
  -27.8   2.290e-24   5.629e-33    1.103e-34  
  -27.9   8.774e-25   1.366e-33    2.493e-35  
  -28.0   3.310e-25   3.259e-34    5.538e-36  
