# z=21.0: redshift
# eps=0.9: maximum star formation efficiency for FFB
# -----
# MUV, Phi=dN/dMUV [cMpc^-3 Mag^-1]
#   [none, disc, shell], extinction models: no dust, disc mode, or shell mode
#     extinction for shell mode is stronger that for disc mode, see details in Li, Dekel+23
    MUV   Phi[none]   Phi[disc]   Phi[shell]  
  -15.0   7.028e-05   6.828e-05    6.823e-05  
  -15.1   6.464e-05   6.270e-05    6.265e-05  
  -15.2   5.942e-05   5.754e-05    5.749e-05  
  -15.3   5.459e-05   5.277e-05    5.272e-05  
  -15.4   5.012e-05   4.836e-05    4.831e-05  
  -15.5   4.598e-05   4.429e-05    4.424e-05  
  -15.6   4.216e-05   4.052e-05    4.047e-05  
  -15.7   3.863e-05   3.705e-05    3.700e-05  
  -15.8   3.537e-05   3.383e-05    3.379e-05  
  -15.9   3.235e-05   3.087e-05    3.083e-05  
  -16.0   2.956e-05   2.813e-05    2.809e-05  
  -16.1   2.699e-05   2.561e-05    2.557e-05  
  -16.2   2.462e-05   2.328e-05    2.325e-05  
  -16.3   2.243e-05   2.113e-05    2.110e-05  
  -16.4   2.040e-05   1.915e-05    1.913e-05  
  -16.5   1.854e-05   1.732e-05    1.731e-05  
  -16.6   1.682e-05   1.564e-05    1.563e-05  
  -16.7   1.524e-05   1.409e-05    1.409e-05  
  -16.8   1.378e-05   1.267e-05    1.267e-05  
  -16.9   1.243e-05   1.136e-05    1.137e-05  
  -17.0   1.120e-05   1.015e-05    1.017e-05  
  -17.1   1.006e-05   9.052e-06    9.076e-06  
  -17.2   9.016e-06   8.042e-06    8.072e-06  
  -17.3   8.059e-06   7.119e-06    7.155e-06  
  -17.4   7.183e-06   6.278e-06    6.319e-06  
  -17.5   6.382e-06   5.514e-06    5.558e-06  
  -17.6   5.651e-06   4.820e-06    4.867e-06  
  -17.7   4.985e-06   4.194e-06    4.243e-06  
  -17.8   4.381e-06   3.631e-06    3.681e-06  
  -17.9   3.834e-06   3.127e-06    3.176e-06  
  -18.0   3.340e-06   2.677e-06    2.725e-06  
  -18.1   2.896e-06   2.278e-06    2.324e-06  
  -18.2   2.499e-06   1.927e-06    1.970e-06  
  -18.3   2.145e-06   1.619e-06    1.659e-06  
  -18.4   1.830e-06   1.350e-06    1.387e-06  
  -18.5   1.553e-06   1.119e-06    1.152e-06  
  -18.6   1.310e-06   9.198e-07    9.489e-07  
  -18.7   1.098e-06   7.504e-07    7.757e-07  
  -18.8   9.146e-07   6.074e-07    6.290e-07  
  -18.9   7.565e-07   4.876e-07    5.057e-07  
  -19.0   6.214e-07   3.882e-07    4.030e-07  
  -19.1   5.068e-07   3.063e-07    3.183e-07  
  -19.2   4.103e-07   2.396e-07    2.491e-07  
  -19.3   3.297e-07   1.857e-07    1.931e-07  
  -19.4   2.629e-07   1.425e-07    1.482e-07  
  -19.5   2.080e-07   1.084e-07    1.126e-07  
  -19.6   1.633e-07   8.163e-08    8.464e-08  
  -19.7   1.271e-07   6.086e-08    6.297e-08  
  -19.8   9.817e-08   4.491e-08    4.634e-08  
  -19.9   7.519e-08   3.280e-08    3.373e-08  
  -20.0   5.711e-08   2.370e-08    2.427e-08  
  -20.1   4.301e-08   1.694e-08    1.727e-08  
  -20.2   3.212e-08   1.198e-08    1.214e-08  
  -20.3   2.379e-08   8.375e-09    8.431e-09  
  -20.4   1.747e-08   5.789e-09    5.785e-09  
  -20.5   1.271e-08   3.955e-09    3.920e-09  
  -20.6   9.177e-09   2.670e-09    2.623e-09  
  -20.7   6.567e-09   1.781e-09    1.732e-09  
  -20.8   4.660e-09   1.174e-09    1.129e-09  
  -20.9   3.278e-09   7.638e-10    7.263e-10  
  -21.0   2.287e-09   4.908e-10    4.609e-10  
  -21.1   1.582e-09   3.114e-10    2.885e-10  
  -21.2   1.085e-09   1.951e-10    1.781e-10  
  -21.3   7.379e-10   1.206e-10    1.084e-10  
  -21.4   4.977e-10   7.354e-11    6.507e-11  
  -21.5   3.330e-10   4.426e-11    3.850e-11  
  -21.6   2.209e-10   2.627e-11    2.245e-11  
  -21.7   1.454e-10   1.538e-11    1.290e-11  
  -21.8   9.487e-11   8.883e-12    7.302e-12  
  -21.9   6.142e-11   5.058e-12    4.073e-12  
  -22.0   3.944e-11   2.839e-12    2.238e-12  
  -22.1   2.513e-11   1.571e-12    1.211e-12  
  -22.2   1.588e-11   8.571e-13    6.453e-13  
  -22.3   9.957e-12   4.608e-13    3.387e-13  
  -22.4   6.193e-12   2.441e-13    1.750e-13  
  -22.5   3.821e-12   1.274e-13    8.904e-14  
  -22.6   2.339e-12   6.554e-14    4.460e-14  
  -22.7   1.421e-12   3.321e-14    2.199e-14  
  -22.8   8.557e-13   1.657e-14    1.067e-14  
  -22.9   5.113e-13   8.148e-15    5.097e-15  
  -23.0   3.031e-13   3.945e-15    2.396e-15  
  -23.1   1.781e-13   1.881e-15    1.109e-15  
  -23.2   1.038e-13   8.830e-16    5.046e-16  
  -23.3   6.001e-14   4.082e-16    2.260e-16  
  -23.4   3.439e-14   1.858e-16    9.961e-17  
  -23.5   1.953e-14   8.325e-17    4.319e-17  
  -23.6   1.099e-14   3.672e-17    1.842e-17  
  -23.7   6.130e-15   1.594e-17    7.731e-18  
  -23.8   3.386e-15   6.812e-18    3.191e-18  
  -23.9   1.852e-15   2.865e-18    1.296e-18  
  -24.0   1.003e-15   1.186e-18    5.175e-19  
  -24.1   5.379e-16   4.830e-19    2.033e-19  
  -24.2   2.853e-16   1.936e-19    7.853e-20  
  -24.3   1.497e-16   7.635e-20    2.984e-20  
  -24.4   7.772e-17   2.963e-20    1.115e-20  
  -24.5   3.988e-17   1.131e-20    4.097e-21  
  -24.6   2.023e-17   4.248e-21    1.480e-21  
  -24.7   1.014e-17   1.570e-21    5.260e-22  
  -24.8   5.018e-18   5.705e-22    1.838e-22  
  -24.9   2.453e-18   2.040e-22    6.314e-23  
  -25.0   1.184e-18   7.173e-23    2.133e-23  
  -25.1   5.640e-19   2.481e-23    7.084e-24  
  -25.2   2.651e-19   8.442e-24    2.313e-24  
  -25.3   1.230e-19   2.825e-24    7.427e-25  
  -25.4   5.624e-20   9.296e-25    2.344e-25  
  -25.5   2.536e-20   3.008e-25    7.275e-26  
  -25.6   1.128e-20   9.575e-26    2.219e-26  
  -25.7   4.943e-21   2.997e-26    6.656e-27  
  -25.8   2.135e-21   9.223e-27    1.962e-27  
  -25.9   9.087e-22   2.791e-27    5.688e-28  
  -26.0   3.810e-22   8.306e-28    1.620e-28  
  -26.1   1.573e-22   2.430e-28    4.539e-29  
  -26.2   6.399e-23   6.992e-29    1.249e-29  
  -26.3   2.563e-23   1.978e-29    3.381e-30  
  -26.4   1.011e-23   5.500e-30    8.995e-31  
  -26.5   3.924e-24   1.504e-30    2.352e-31  
  -26.6   1.499e-24   4.043e-31    6.044e-32  
  -26.7   5.640e-25   1.068e-31    1.527e-32  
  -26.8   2.088e-25   2.776e-32    3.791e-33  
  -26.9   7.605e-26   7.091e-33    9.253e-34  
  -27.0   2.726e-26   1.780e-33    2.219e-34  
  -27.1   9.613e-27   4.395e-34    5.232e-35  
  -27.2   3.336e-27   1.066e-34    1.212e-35  
  -27.3   1.139e-27   2.544e-35    2.761e-36  
  -27.4   3.823e-28   5.965e-36    6.180e-37  
  -27.5   1.263e-28   1.375e-36    1.360e-37  
  -27.6   4.102e-29   3.115e-37    2.940e-38  
  -27.7   1.311e-29   6.937e-38    6.246e-39  
  -27.8   4.118e-30   1.519e-38    1.304e-39  
  -27.9   1.273e-30   3.268e-39    2.677e-40  
  -28.0   3.867e-31   6.911e-40    5.400e-41  
