# eps=0.8: maximum star formation efficiency for FFB
# FFB attenuation mode: None. None for no attenuation
# -----
# z, rho_UV[<MUV] [erg s^-1 Hz^-1 cMpc^-3]
# 
       z   rho(<-14.0)   rho(<-14.5)   rho(<-15.0)   rho(<-15.5)   rho(<-16.0)   rho(<-16.5)   rho(<-17.0)   rho(<-17.5)   rho(<-18.0)   rho(<-18.5)   rho(<-19.0)   rho(<-19.5)   rho(<-20.0)   rho(<-20.5)   rho(<-21.0)   rho(<-21.5)   rho(<-22.0)  
   4.000           nan           nan     1.148e+27     1.138e+27     1.126e+27     1.111e+27     1.094e+27     1.075e+27     1.052e+27     1.025e+27     9.949e+26     9.604e+26     9.216e+26     8.783e+26     8.306e+26     7.785e+26     7.223e+26  
   4.500           nan           nan     9.400e+26     9.291e+26     9.164e+26     9.017e+26     8.847e+26     8.652e+26     8.430e+26     8.180e+26     7.900e+26     7.589e+26     7.248e+26     6.876e+26     6.476e+26     6.048e+26     5.596e+26  
   5.000           nan           nan     7.750e+26     7.638e+26     7.510e+26     7.364e+26     7.199e+26     7.013e+26     6.807e+26     6.578e+26     6.327e+26     6.055e+26     5.761e+26     5.447e+26     5.114e+26     4.762e+26     4.392e+26  
   5.500           nan           nan     6.384e+26     6.273e+26     6.149e+26     6.009e+26     5.855e+26     5.684e+26     5.497e+26     5.294e+26     5.076e+26     4.842e+26     4.593e+26     4.330e+26     4.052e+26     3.760e+26     3.452e+26  
   6.000           nan           nan     5.232e+26     5.127e+26     5.010e+26     4.882e+26     4.742e+26     4.590e+26     4.426e+26     4.251e+26     4.064e+26     3.867e+26     3.657e+26     3.437e+26     3.204e+26     2.958e+26     2.698e+26  
   6.500           nan           nan     4.582e+26     4.478e+26     4.366e+26     4.244e+26     4.112e+26     3.972e+26     3.822e+26     3.663e+26     3.494e+26     3.316e+26     3.126e+26     2.926e+26     2.713e+26     2.486e+26     2.245e+26  
   7.000           nan           nan     3.713e+26     3.621e+26     3.523e+26     3.417e+26     3.305e+26     3.185e+26     3.058e+26     2.924e+26     2.782e+26     2.631e+26     2.471e+26     2.300e+26     2.118e+26     1.923e+26     1.715e+26  
   7.500           nan           nan     2.989e+26     2.910e+26     2.826e+26     2.736e+26     2.642e+26     2.541e+26     2.435e+26     2.322e+26     2.203e+26     2.075e+26     1.939e+26     1.794e+26     1.637e+26     1.470e+26     1.291e+26  
   8.000           nan           nan     2.392e+26     2.325e+26     2.254e+26     2.179e+26     2.100e+26     2.017e+26     1.928e+26     1.833e+26     1.733e+26     1.625e+26     1.509e+26     1.385e+26     1.251e+26     1.108e+26     9.545e+25  
   8.500           nan           nan     1.903e+26     1.848e+26     1.789e+26     1.727e+26     1.662e+26     1.592e+26     1.518e+26     1.439e+26     1.354e+26     1.263e+26     1.164e+26     1.058e+26     9.439e+25     8.216e+25     6.923e+25  
   9.000           nan           nan     1.508e+26     1.462e+26     1.414e+26     1.363e+26     1.308e+26     1.250e+26     1.188e+26     1.122e+26     1.050e+26     9.730e+25     8.894e+25     7.993e+25     7.024e+25     5.994e+25     4.918e+25  
   9.500           nan           nan     1.190e+26     1.152e+26     1.112e+26     1.070e+26     1.025e+26     9.768e+25     9.250e+25     8.691e+25     8.086e+25     7.433e+25     6.726e+25     5.965e+25     5.151e+25     4.295e+25     3.415e+25  
  10.000           nan           nan     9.353e+25     9.045e+25     8.717e+25     8.367e+25     7.992e+25     7.590e+25     7.155e+25     6.685e+25     6.176e+25     5.625e+25     5.031e+25     4.394e+25     3.718e+25     3.017e+25     2.313e+25  
  10.500           nan           nan     7.326e+25     7.072e+25     6.801e+25     6.511e+25     6.199e+25     5.862e+25     5.498e+25     5.104e+25     4.677e+25     4.215e+25     3.719e+25     3.191e+25     2.637e+25     2.074e+25     1.525e+25  
  11.000           nan           nan     5.717e+25     5.507e+25     5.283e+25     5.042e+25     4.781e+25     4.500e+25     4.195e+25     3.866e+25     3.509e+25     3.125e+25     2.715e+25     2.282e+25     1.836e+25     1.392e+25     9.750e+24  
  11.500           nan           nan     4.446e+25     4.272e+25     4.085e+25     3.884e+25     3.667e+25     3.433e+25     3.179e+25     2.904e+25     2.608e+25     2.292e+25     1.956e+25     1.606e+25     1.252e+25     9.098e+24     6.029e+24  
  12.000           nan           nan     3.444e+25     3.299e+25     3.144e+25     2.977e+25     2.796e+25     2.601e+25     2.390e+25     2.163e+25     1.919e+25     1.660e+25     1.389e+25     1.110e+25     8.339e+24     5.774e+24     3.590e+24  
  12.500           nan           nan     2.657e+25     2.537e+25     2.408e+25     2.268e+25     2.118e+25     1.957e+25     1.783e+25     1.596e+25     1.397e+25     1.187e+25     9.698e+24     7.510e+24     5.411e+24     3.541e+24     2.047e+24  
  13.000           nan           nan     2.041e+25     1.941e+25     1.833e+25     1.718e+25     1.593e+25     1.460e+25     1.317e+25     1.165e+25     1.004e+25     8.360e+24     6.646e+24     4.962e+24     3.403e+24     2.087e+24     1.112e+24  
  13.500           nan           nan     1.560e+25     1.476e+25     1.386e+25     1.291e+25     1.188e+25     1.079e+25     9.626e+24     8.397e+24     7.108e+24     5.781e+24     4.452e+24     3.184e+24     2.062e+24     1.176e+24     5.733e+23  
  14.000           nan           nan     1.184e+25     1.114e+25     1.040e+25     9.608e+24     8.770e+24     7.882e+24     6.945e+24     5.963e+24     4.945e+24     3.912e+24     2.903e+24     1.975e+24     1.199e+24     6.318e+23     2.815e+23  
  14.500           nan           nan     8.914e+24     8.330e+24     7.717e+24     7.072e+24     6.393e+24     5.681e+24     4.935e+24     4.161e+24     3.370e+24     2.582e+24     1.836e+24     1.182e+24     6.702e+23     3.261e+23     1.332e+23  
  15.000           nan           nan     6.636e+24     6.155e+24     5.655e+24     5.136e+24     4.595e+24     4.032e+24     3.449e+24     2.850e+24     2.247e+24     1.662e+24     1.128e+24     6.853e+23     3.628e+23     1.634e+23     6.150e+22  
  15.500           nan           nan     4.872e+24     4.482e+24     4.084e+24     3.675e+24     3.254e+24     2.818e+24     2.371e+24     1.917e+24     1.468e+24     1.046e+24     6.768e+23     3.877e+23     1.918e+23     8.023e+22     2.797e+22  
  16.000           nan           nan     3.518e+24     3.214e+24     2.908e+24     2.595e+24     2.274e+24     1.944e+24     1.607e+24     1.270e+24     9.442e+23     6.467e+23     3.984e+23     2.152e+23     9.963e+22     3.880e+22     1.257e+22  
  16.500           nan           nan     2.504e+24     2.277e+24     2.049e+24     1.815e+24     1.575e+24     1.328e+24     1.079e+24     8.322e+23     5.993e+23     3.941e+23     2.309e+23     1.176e+23     5.098e+22     1.851e+22     5.576e+21  
  17.000           nan           nan     1.767e+24     1.603e+24     1.435e+24     1.262e+24     1.084e+24     9.011e+23     7.179e+23     5.399e+23     3.761e+23     2.371e+23     1.319e+23     6.330e+22     2.569e+22     8.695e+21     2.439e+21  
  17.500           nan           nan     1.244e+24     1.125e+24     1.002e+24     8.739e+23     7.418e+23     6.074e+23     4.741e+23     3.470e+23     2.333e+23     1.407e+23     7.424e+22     3.352e+22     1.273e+22     4.018e+21     1.049e+21  
  18.000           nan           nan     8.756e+23     7.885e+23     6.974e+23     6.026e+23     5.052e+23     4.069e+23     3.106e+23     2.208e+23     1.430e+23     8.228e+22     4.108e+22     1.743e+22     6.190e+21     1.823e+21     4.436e+20  
  18.500           nan           nan     6.156e+23     5.512e+23     4.837e+23     4.137e+23     3.422e+23     2.706e+23     2.017e+23     1.389e+23     8.639e+22     4.734e+22     2.233e+22     8.893e+21     2.952e+21     8.109e+20     1.839e+20  
  19.000           nan           nan     4.318e+23     3.841e+23     3.342e+23     2.826e+23     2.303e+23     1.785e+23     1.296e+23     8.625e+22     5.139e+22     2.675e+22     1.190e+22     4.445e+21     1.379e+21     3.535e+20     7.479e+19  
  19.500           nan           nan     3.018e+23     2.665e+23     2.297e+23     1.918e+23     1.537e+23     1.166e+23     8.225e+22     5.276e+22     3.005e+22     1.483e+22     6.211e+21     2.175e+21     6.306e+20     1.509e+20     2.980e+19  
  20.000           nan           nan     2.100e+23     1.839e+23     1.568e+23     1.292e+23     1.017e+23     7.530e+22     5.148e+22     3.175e+22     1.724e+22     8.051e+21     3.172e+21     1.040e+21     2.820e+20     6.302e+19     1.163e+19  
  20.500           nan           nan     1.453e+23     1.261e+23     1.063e+23     8.623e+22     6.651e+22     4.799e+22     3.173e+22     1.877e+22     9.696e+21     4.277e+21     1.584e+21     4.864e+20     1.232e+20     2.574e+19     4.437e+18  
  21.000           nan           nan     9.989e+22     8.580e+22     7.138e+22     5.695e+22     4.298e+22     3.015e+22     1.923e+22     1.088e+22     5.337e+21     2.221e+21     7.718e+20     2.219e+20     5.257e+19     1.027e+19     1.655e+18  
  21.500           nan           nan     6.809e+22     5.785e+22     4.745e+22     3.717e+22     2.740e+22     1.864e+22     1.144e+22     6.178e+21     2.870e+21     1.125e+21     3.667e+20     9.868e+19     2.187e+19     3.994e+18     6.021e+17  
  22.000           nan           nan     4.599e+22     3.861e+22     3.118e+22     2.395e+22     1.720e+22     1.132e+22     6.665e+21     3.428e+21     1.506e+21     5.551e+20     1.696e+20     4.271e+19     8.851e+18     1.512e+18     2.129e+17  
  22.500           nan           nan     3.075e+22     2.547e+22     2.023e+22     1.520e+22     1.061e+22     6.738e+21     3.798e+21     1.856e+21     7.692e+20     2.663e+20     7.619e+19     1.795e+19     3.480e+18     5.560e+17     7.314e+16  
  23.000           nan           nan     2.031e+22     1.659e+22     1.293e+22     9.488e+21     6.424e+21     3.925e+21     2.112e+21     9.772e+20     3.815e+20     1.238e+20     3.315e+19     7.301e+18     1.323e+18     1.974e+17     2.413e+16  
  23.500           nan           nan     1.325e+22     1.065e+22     8.135e+21     5.812e+21     3.806e+21     2.230e+21     1.142e+21     4.992e+20     1.831e+20     5.564e+19     1.393e+19     2.866e+18     4.855e+17     6.759e+16     7.669e+15  
  24.000           nan           nan     8.512e+21     6.724e+21     5.022e+21     3.485e+21     2.200e+21     1.232e+21     5.982e+20     2.464e+20     8.471e+19     2.406e+19     5.623e+18     1.080e+18     1.704e+17     2.199e+16     2.286e+15  
  24.500           nan           nan     5.377e+21     4.166e+21     3.034e+21     2.039e+21     1.236e+21     6.593e+20     3.025e+20     1.170e+20     3.760e+19     9.965e+18     2.171e+18     3.885e+17     5.705e+16     6.812e+15     6.485e+14  
  25.000           nan           nan     3.331e+21     2.524e+21     1.787e+21     1.159e+21     6.716e+20     3.398e+20     1.467e+20     5.308e+19     1.591e+19     3.922e+18     7.943e+17     1.319e+17     1.786e+16     1.941e+15     1.649e+14  
