# eps=0.7: maximum star formation efficiency for FFB
# FFB attenuation mode: disc. None for no attenuation
# -----
# z, rho_UV[<MUV] [erg s^-1 Hz^-1 cMpc^-3]
# 
       z   rho(<-14.0)   rho(<-14.5)   rho(<-15.0)   rho(<-15.5)   rho(<-16.0)   rho(<-16.5)   rho(<-17.0)   rho(<-17.5)   rho(<-18.0)   rho(<-18.5)   rho(<-19.0)   rho(<-19.5)   rho(<-20.0)   rho(<-20.5)   rho(<-21.0)   rho(<-21.5)   rho(<-22.0)  
   4.000     3.909e+26     3.839e+26     3.757e+26     3.659e+26     3.544e+26     3.410e+26     3.256e+26     3.080e+26     2.883e+26     2.664e+26     2.426e+26     2.174e+26     1.912e+26     1.648e+26     1.391e+26     1.149e+26     9.292e+25  
   4.500     3.500e+26     3.423e+26     3.333e+26     3.229e+26     3.109e+26     2.972e+26     2.817e+26     2.645e+26     2.456e+26     2.252e+26     2.036e+26     1.813e+26     1.589e+26     1.370e+26     1.162e+26     9.706e+25     7.994e+25  
   5.000     3.113e+26     3.031e+26     2.938e+26     2.831e+26     2.710e+26     2.575e+26     2.425e+26     2.262e+26     2.087e+26     1.903e+26     1.713e+26     1.521e+26     1.333e+26     1.152e+26     9.821e+25     8.270e+25     6.884e+25  
   5.500     2.744e+26     2.661e+26     2.567e+26     2.461e+26     2.344e+26     2.216e+26     2.077e+26     1.928e+26     1.771e+26     1.610e+26     1.446e+26     1.284e+26     1.126e+26     9.764e+25     8.362e+25     7.076e+25     5.914e+25  
   6.000     2.389e+26     2.307e+26     2.217e+26     2.117e+26     2.008e+26     1.890e+26     1.765e+26     1.633e+26     1.497e+26     1.359e+26     1.221e+26     1.085e+26     9.532e+25     8.279e+25     7.103e+25     6.012e+25     5.014e+25  
   6.500     2.207e+26     2.124e+26     2.033e+26     1.935e+26     1.830e+26     1.718e+26     1.602e+26     1.481e+26     1.357e+26     1.232e+26     1.108e+26     9.857e+25     8.667e+25     7.524e+25     6.439e+25     5.421e+25     4.476e+25  
   7.000     1.874e+26     1.799e+26     1.718e+26     1.631e+26     1.540e+26     1.444e+26     1.344e+26     1.242e+26     1.138e+26     1.033e+26     9.289e+25     8.258e+25     7.250e+25     6.274e+25     5.339e+25     4.455e+25     3.625e+25  
   7.500     1.573e+26     1.507e+26     1.437e+26     1.362e+26     1.284e+26     1.203e+26     1.119e+26     1.034e+26     9.473e+25     8.598e+25     7.723e+25     6.853e+25     5.995e+25     5.158e+25     4.350e+25     3.581e+25     2.853e+25  
   8.000     1.307e+26     1.250e+26     1.190e+26     1.128e+26     1.062e+26     9.950e+25     9.257e+25     8.548e+25     7.826e+25     7.096e+25     6.359e+25     5.622e+25     4.891e+25     4.172e+25     3.476e+25     2.809e+25     2.178e+25  
   8.500     1.076e+26     1.029e+26     9.788e+25     9.269e+25     8.730e+25     8.174e+25     7.602e+25     7.015e+25     6.415e+25     5.803e+25     5.182e+25     4.557e+25     3.933e+25     3.318e+25     2.720e+25     2.147e+25     1.609e+25  
   9.000     8.801e+25     8.408e+25     7.998e+25     7.572e+25     7.130e+25     6.673e+25     6.201e+25     5.715e+25     5.214e+25     4.701e+25     4.177e+25     3.647e+25     3.116e+25     2.592e+25     2.082e+25     1.598e+25     1.148e+25  
   9.500     7.157e+25     6.836e+25     6.501e+25     6.152e+25     5.790e+25     5.415e+25     5.025e+25     4.621e+25     4.203e+25     3.771e+25     3.330e+25     2.881e+25     2.431e+25     1.987e+25     1.559e+25     1.155e+25     7.903e+24  
  10.000     5.793e+25     5.531e+25     5.258e+25     4.973e+25     4.676e+25     4.366e+25     4.044e+25     3.707e+25     3.357e+25     2.995e+25     2.623e+25     2.245e+25     1.866e+25     1.495e+25     1.139e+25     8.100e+24     5.235e+24  
  10.500     4.669e+25     4.455e+25     4.232e+25     3.998e+25     3.754e+25     3.498e+25     3.230e+25     2.949e+25     2.657e+25     2.353e+25     2.041e+25     1.725e+25     1.409e+25     1.101e+25     8.106e+24     5.498e+24     3.327e+24  
  11.000     3.748e+25     3.573e+25     3.390e+25     3.198e+25     2.996e+25     2.784e+25     2.561e+25     2.327e+25     2.082e+25     1.829e+25     1.569e+25     1.306e+25     1.045e+25     7.935e+24     5.614e+24     3.602e+24     2.023e+24  
  11.500     2.997e+25     2.853e+25     2.702e+25     2.544e+25     2.376e+25     2.200e+25     2.015e+25     1.820e+25     1.616e+25     1.406e+25     1.190e+25     9.734e+24     7.605e+24     5.586e+24     3.773e+24     2.272e+24     1.173e+24  
  12.000     2.387e+25     2.268e+25     2.143e+25     2.012e+25     1.873e+25     1.727e+25     1.573e+25     1.411e+25     1.242e+25     1.068e+25     8.910e+24     7.141e+24     5.425e+24     3.833e+24     2.453e+24     1.373e+24     6.447e+23  
  12.500     1.894e+25     1.795e+25     1.691e+25     1.582e+25     1.467e+25     1.345e+25     1.217e+25     1.084e+25     9.446e+24     8.018e+24     6.574e+24     5.146e+24     3.785e+24     2.556e+24     1.536e+24     7.913e+23     3.341e+23  
  13.000     1.496e+25     1.413e+25     1.327e+25     1.236e+25     1.140e+25     1.039e+25     9.338e+24     8.237e+24     7.099e+24     5.937e+24     4.772e+24     3.635e+24     2.573e+24     1.647e+24     9.211e+23     4.317e+23     1.621e+23  
  13.500     1.176e+25     1.107e+25     1.034e+25     9.585e+24     8.789e+24     7.956e+24     7.088e+24     6.188e+24     5.264e+24     4.328e+24     3.399e+24     2.507e+24     1.696e+24     1.020e+24     5.255e+23     2.219e+23     7.350e+22  
  14.000     9.190e+24     8.607e+24     8.000e+24     7.367e+24     6.708e+24     6.024e+24     5.315e+24     4.586e+24     3.843e+24     3.098e+24     2.368e+24     1.682e+24     1.079e+24     6.047e+23     2.845e+23     1.076e+23     3.130e+22  
  14.500     7.129e+24     6.635e+24     6.125e+24     5.599e+24     5.057e+24     4.500e+24     3.928e+24     3.344e+24     2.756e+24     2.171e+24     1.608e+24     1.093e+24     6.608e+23     3.430e+23     1.468e+23     4.963e+22     1.271e+22  
  15.000     5.472e+24     5.053e+24     4.628e+24     4.195e+24     3.755e+24     3.308e+24     2.854e+24     2.395e+24     1.937e+24     1.487e+24     1.063e+24     6.880e+23     3.905e+23     1.873e+23     7.292e+22     2.211e+22     5.014e+21  
  15.500     4.137e+24     3.786e+24     3.437e+24     3.089e+24     2.740e+24     2.390e+24     2.038e+24     1.685e+24     1.335e+24     9.963e+23     6.852e+23     4.216e+23     2.243e+23     9.940e+22     3.527e+22     9.626e+21     1.947e+21  
  16.000     3.064e+24     2.778e+24     2.503e+24     2.233e+24     1.966e+24     1.700e+24     1.433e+24     1.167e+24     9.046e+23     6.557e+23     4.332e+23     2.529e+23     1.260e+23     5.161e+22     1.672e+22     4.127e+21     7.488e+20  
  16.500     2.215e+24     1.997e+24     1.791e+24     1.592e+24     1.394e+24     1.196e+24     9.972e+23     7.987e+23     6.054e+23     4.253e+23     2.694e+23     1.490e+23     6.947e+22     2.631e+22     7.800e+21     1.745e+21     2.854e+20  
  17.000     1.570e+24     1.416e+24     1.270e+24     1.126e+24     9.820e+23     8.359e+23     6.884e+23     5.419e+23     4.009e+23     2.724e+23     1.651e+23     8.638e+22     3.764e+22     1.318e+22     3.578e+21     7.277e+20     1.076e+20  
  17.500     1.105e+24     1.001e+24     8.983e+23     7.948e+23     6.890e+23     5.811e+23     4.721e+23     3.647e+23     2.628e+23     1.723e+23     9.974e+22     4.925e+22     2.003e+22     6.483e+21     1.613e+21     2.985e+20     3.999e+19  
  18.000     7.807e+23     7.088e+23     6.354e+23     5.597e+23     4.817e+23     4.019e+23     3.217e+23     2.434e+23     1.705e+23     1.076e+23     5.931e+22     2.758e+22     1.046e+22     3.126e+21     7.127e+20     1.203e+20     1.462e+19  
  18.500     5.540e+23     5.025e+23     4.489e+23     3.930e+23     3.353e+23     2.765e+23     2.177e+23     1.610e+23     1.093e+23     6.625e+22     3.467e+22     1.515e+22     5.348e+21     1.476e+21     3.085e+20     4.749e+19     5.248e+18  
  19.000     3.936e+23     3.558e+23     3.162e+23     2.749e+23     2.322e+23     1.890e+23     1.461e+23     1.054e+23     6.919e+22     4.013e+22     1.989e+22     8.155e+21     2.676e+21     6.813e+20     1.306e+20     1.836e+19     1.846e+18  
  19.500     2.791e+23     2.512e+23     2.219e+23     1.913e+23     1.599e+23     1.282e+23     9.710e+22     6.814e+22     4.313e+22     2.388e+22     1.119e+22     4.295e+21     1.309e+21     3.073e+20     5.406e+19     6.939e+18     6.357e+17  
  20.000     1.973e+23     1.767e+23     1.549e+23     1.324e+23     1.092e+23     8.613e+22     6.381e+22     4.345e+22     2.645e+22     1.394e+22     6.160e+21     2.210e+21     6.249e+20     1.353e+20     2.183e+19     2.562e+18     2.140e+17  
  20.500     1.388e+23     1.235e+23     1.075e+23     9.087e+22     7.399e+22     5.727e+22     4.140e+22     2.729e+22     1.593e+22     7.974e+21     3.316e+21     1.110e+21     2.910e+20     5.805e+19     8.595e+18     9.222e+17     7.029e+16  
  21.000     9.711e+22     8.580e+22     7.399e+22     6.184e+22     4.960e+22     3.763e+22     2.648e+22     1.685e+22     9.406e+21     4.462e+21     1.742e+21     5.438e+20     1.319e+20     2.425e+19     3.293e+18     3.233e+17     2.249e+16  
  21.500     6.744e+22     5.912e+22     5.049e+22     4.167e+22     3.287e+22     2.439e+22     1.667e+22     1.021e+22     5.438e+21     2.438e+21     8.923e+20     2.591e+20     5.816e+19     9.841e+18     1.226e+18     1.101e+17     6.995e+15  
  22.000     4.644e+22     4.037e+22     3.411e+22     2.776e+22     2.150e+22     1.558e+22     1.031e+22     6.065e+21     3.072e+21     1.298e+21     4.445e+20     1.199e+20     2.487e+19     3.872e+18     4.423e+17     3.633e+16     2.108e+15  
  22.500     3.168e+22     2.729e+22     2.278e+22     1.826e+22     1.387e+22     9.781e+21     6.255e+21     3.522e+21     1.692e+21     6.726e+20     2.149e+20     5.378e+19     1.029e+19     1.473e+18     1.542e+17     1.158e+16     6.131e+14  
  23.000     2.139e+22     1.823e+22     1.503e+22     1.185e+22     8.798e+21     6.028e+21     3.713e+21     1.995e+21     9.066e+20     3.379e+20     1.005e+20     2.329e+19     4.107e+18     5.395e+17     5.170e+16     3.547e+15     1.713e+14  
  23.500     1.427e+22     1.203e+22     9.774e+21     7.564e+21     5.481e+21     3.638e+21     2.151e+21     1.099e+21     4.708e+20     1.640e+20     4.533e+19     9.700e+18     1.573e+18     1.894e+17     1.659e+16     1.039e+15     4.570e+13  
  24.000     9.390e+21     7.820e+21     6.256e+21     4.743e+21     3.345e+21     2.143e+21     1.212e+21     5.870e+20     2.360e+20     7.664e+19     1.961e+19     3.867e+18     5.755e+17     6.337e+16     5.065e+15     2.887e+14     1.155e+13  
  24.500     6.088e+21     5.002e+21     3.932e+21     2.913e+21     1.993e+21     1.228e+21     6.616e+20     3.022e+20     1.137e+20     3.427e+19     8.093e+18     1.466e+18     1.996e+17     2.005e+16     1.458e+15     7.548e+13     2.738e+12  
  25.000     3.879e+21     3.139e+21     2.419e+21     1.746e+21     1.155e+21     6.812e+20     3.479e+20     1.492e+20     5.223e+19     1.456e+19     3.160e+18     5.237e+17     6.501e+16     5.935e+15     3.913e+14     1.832e+13     6.002e+11  
