# eps=0.5: maximum star formation efficiency for FFB
# FFB attenuation mode: shell. None for no attenuation
# -----
# z, rho_UV[<MUV] [erg s^-1 Hz^-1 cMpc^-3]
# 
       z   rho(<-15.0)   rho(<-15.5)   rho(<-16.0)   rho(<-16.5)   rho(<-17.0)   rho(<-17.5)   rho(<-18.0)   rho(<-18.5)   rho(<-19.0)   rho(<-19.5)   rho(<-20.0)   rho(<-20.5)   rho(<-21.0)  
   5.000     2.433e+26     2.327e+26     2.207e+26     2.073e+26     1.925e+26     1.765e+26     1.594e+26     1.414e+26     1.229e+26     1.045e+26     8.650e+25     6.941e+25     5.360e+25  
   5.500     2.076e+26     1.971e+26     1.856e+26     1.729e+26     1.592e+26     1.446e+26     1.294e+26     1.137e+26     9.808e+25     8.271e+25     6.796e+25     5.408e+25     4.127e+25  
   6.000     1.756e+26     1.657e+26     1.550e+26     1.434e+26     1.311e+26     1.183e+26     1.052e+26     9.201e+25     7.897e+25     6.633e+25     5.427e+25     4.291e+25     3.234e+25  
   6.500     1.583e+26     1.486e+26     1.382e+26     1.274e+26     1.160e+26     1.044e+26     9.257e+25     8.084e+25     6.932e+25     5.816e+25     4.746e+25     3.727e+25     2.767e+25  
   7.000     1.317e+26     1.232e+26     1.142e+26     1.049e+26     9.532e+25     8.558e+25     7.582e+25     6.615e+25     5.667e+25     4.746e+25     3.856e+25     2.999e+25     2.185e+25  
   7.500     1.087e+26     1.014e+26     9.385e+25     8.605e+25     7.810e+25     7.009e+25     6.208e+25     5.415e+25     4.635e+25     3.872e+25     3.126e+25     2.401e+25     1.711e+25  
   8.000     8.909e+25     8.301e+25     7.673e+25     7.032e+25     6.382e+25     5.728e+25     5.074e+25     4.424e+25     3.781e+25     3.144e+25     2.517e+25     1.903e+25     1.321e+25  
   8.500     7.261e+25     6.761e+25     6.249e+25     5.728e+25     5.200e+25     4.668e+25     4.134e+25     3.600e+25     3.066e+25     2.534e+25     2.005e+25     1.487e+25     1.002e+25  
   9.000     5.892e+25     5.487e+25     5.072e+25     4.651e+25     4.223e+25     3.790e+25     3.352e+25     2.911e+25     2.467e+25     2.021e+25     1.576e+25     1.142e+25     7.448e+24  
   9.500     4.766e+25     4.438e+25     4.104e+25     3.762e+25     3.415e+25     3.061e+25     2.701e+25     2.335e+25     1.965e+25     1.592e+25     1.220e+25     8.609e+24     5.409e+24  
  10.000     3.842e+25     3.578e+25     3.308e+25     3.031e+25     2.747e+25     2.456e+25     2.159e+25     1.856e+25     1.548e+25     1.236e+25     9.278e+24     6.354e+24     3.831e+24  
  10.500     3.087e+25     2.873e+25     2.654e+25     2.428e+25     2.196e+25     1.957e+25     1.711e+25     1.460e+25     1.204e+25     9.459e+24     6.928e+24     4.583e+24     2.639e+24  
  11.000     2.471e+25     2.298e+25     2.119e+25     1.934e+25     1.743e+25     1.546e+25     1.343e+25     1.135e+25     9.236e+24     7.119e+24     5.070e+24     3.226e+24     1.764e+24  
  11.500     1.971e+25     1.829e+25     1.683e+25     1.531e+25     1.374e+25     1.211e+25     1.044e+25     8.723e+24     6.988e+24     5.266e+24     3.632e+24     2.211e+24     1.142e+24  
  12.000     1.565e+25     1.449e+25     1.328e+25     1.203e+25     1.074e+25     9.401e+24     8.024e+24     6.620e+24     5.207e+24     3.824e+24     2.543e+24     1.472e+24     7.125e+23  
  12.500     1.237e+25     1.141e+25     1.042e+25     9.389e+24     8.323e+24     7.224e+24     6.098e+24     4.955e+24     3.817e+24     2.720e+24     1.734e+24     9.481e+23     4.265e+23  
  13.000     9.721e+24     8.929e+24     8.109e+24     7.262e+24     6.387e+24     5.489e+24     4.574e+24     3.652e+24     2.745e+24     1.889e+24     1.146e+24     5.867e+23     2.428e+23  
  13.500     7.589e+24     6.932e+24     6.255e+24     5.559e+24     4.844e+24     4.115e+24     3.378e+24     2.643e+24     1.929e+24     1.274e+24     7.295e+23     3.460e+23     1.303e+23  
  14.000     5.873e+24     5.328e+24     4.770e+24     4.201e+24     3.622e+24     3.036e+24     2.448e+24     1.870e+24     1.319e+24     8.288e+23     4.438e+23     1.933e+23     6.568e+22  
  14.500     4.492e+24     4.040e+24     3.584e+24     3.124e+24     2.660e+24     2.196e+24     1.735e+24     1.288e+24     8.721e+23     5.182e+23     2.579e+23     1.027e+23     3.142e+22  
  15.000     3.380e+24     3.011e+24     2.644e+24     2.279e+24     1.915e+24     1.554e+24     1.200e+24     8.623e+23     5.583e+23     3.125e+23     1.443e+23     5.256e+22     1.453e+22  
  15.500     2.491e+24     2.197e+24     1.910e+24     1.629e+24     1.350e+24     1.077e+24     8.112e+23     5.632e+23     3.480e+23     1.833e+23     7.864e+22     2.630e+22     6.604e+21  
  16.000     1.793e+24     1.570e+24     1.355e+24     1.144e+24     9.370e+23     7.339e+23     5.391e+23     3.612e+23     2.128e+23     1.055e+23     4.213e+22     1.298e+22     2.977e+21  
  16.500     1.266e+24     1.105e+24     9.493e+23     7.955e+23     6.435e+23     4.947e+23     3.538e+23     2.285e+23     1.282e+23     5.986e+22     2.227e+22     6.338e+21     1.333e+21  
  17.000     8.873e+23     7.740e+23     6.620e+23     5.501e+23     4.390e+23     3.308e+23     2.299e+23     1.428e+23     7.622e+22     3.350e+22     1.162e+22     3.062e+21     5.927e+20  
  17.500     6.221e+23     5.418e+23     4.607e+23     3.789e+23     2.977e+23     2.194e+23     1.479e+23     8.819e+22     4.471e+22     1.848e+22     5.978e+21     1.459e+21     2.605e+20  
  18.000     4.371e+23     3.790e+23     3.197e+23     2.598e+23     2.006e+23     1.443e+23     9.414e+22     5.375e+22     2.583e+22     1.003e+22     3.025e+21     6.848e+20     1.128e+20  
  18.500     3.072e+23     2.646e+23     2.210e+23     1.772e+23     1.342e+23     9.402e+22     5.917e+22     3.228e+22     1.468e+22     5.346e+21     1.503e+21     3.155e+20     4.803e+19  
  19.000     2.154e+23     1.840e+23     1.520e+23     1.200e+23     8.897e+22     6.054e+22     3.666e+22     1.906e+22     8.186e+21     2.794e+21     7.320e+20     1.425e+20     2.006e+19  
  19.500     1.504e+23     1.273e+23     1.039e+23     8.056e+22     5.834e+22     3.846e+22     2.236e+22     1.106e+22     4.477e+21     1.431e+21     3.489e+20     6.300e+19     8.199e+18  
  20.000     1.045e+23     8.751e+22     7.037e+22     5.354e+22     3.778e+22     2.407e+22     1.340e+22     6.288e+21     2.397e+21     7.163e+20     1.626e+20     2.722e+19     3.277e+18  
