# eps=0.2: maximum star formation efficiency for FFB
# FFB attenuation mode: shell. None for no attenuation
# -----
# z, rho_UV[<MUV] [erg s^-1 Hz^-1 cMpc^-3]
# 
       z   rho(<-14.0)   rho(<-14.5)   rho(<-15.0)   rho(<-15.5)   rho(<-16.0)   rho(<-16.5)   rho(<-17.0)   rho(<-17.5)   rho(<-18.0)   rho(<-18.5)   rho(<-19.0)   rho(<-19.5)   rho(<-20.0)   rho(<-20.5)   rho(<-21.0)   rho(<-21.5)   rho(<-22.0)  
   4.000     3.200e+26     3.131e+26     3.049e+26     2.952e+26     2.839e+26     2.708e+26     2.557e+26     2.386e+26     2.194e+26     1.982e+26     1.754e+26     1.512e+26     1.265e+26     1.019e+26     7.835e+25     5.677e+25     3.805e+25  
   4.500     2.707e+26     2.631e+26     2.542e+26     2.439e+26     2.322e+26     2.188e+26     2.037e+26     1.870e+26     1.688e+26     1.493e+26     1.289e+26     1.081e+26     8.756e+25     6.797e+25     5.001e+25     3.433e+25     2.147e+25  
   5.000     2.295e+26     2.214e+26     2.122e+26     2.017e+26     1.899e+26     1.767e+26     1.622e+26     1.466e+26     1.299e+26     1.126e+26     9.511e+25     7.781e+25     6.130e+25     4.607e+25     3.259e+25     2.127e+25     1.242e+25  
   5.500     1.934e+26     1.852e+26     1.760e+26     1.656e+26     1.542e+26     1.418e+26     1.284e+26     1.143e+26     9.970e+25     8.492e+25     7.036e+25     5.640e+25     4.343e+25     3.177e+25     2.170e+25     1.348e+25     7.332e+24  
   6.000     1.611e+26     1.531e+26     1.442e+26     1.344e+26     1.239e+26     1.126e+26     1.007e+26     8.849e+25     7.612e+25     6.392e+25     5.218e+25     4.118e+25     3.115e+25     2.225e+25     1.469e+25     8.665e+24     4.371e+24  
   6.500     1.423e+26     1.342e+26     1.253e+26     1.158e+26     1.057e+26     9.518e+25     8.434e+25     7.339e+25     6.254e+25     5.204e+25     4.208e+25     3.286e+25     2.450e+25     1.711e+25     1.089e+25     6.069e+24     2.823e+24  
   7.000     1.154e+26     1.081e+26     1.002e+26     9.194e+25     8.328e+25     7.437e+25     6.537e+25     5.643e+25     4.772e+25     3.942e+25     3.164e+25     2.447e+25     1.797e+25     1.224e+25     7.481e+24     3.930e+24     1.687e+24  
   7.500     9.243e+25     8.602e+25     7.926e+25     7.222e+25     6.499e+25     5.767e+25     5.039e+25     4.326e+25     3.641e+25     2.993e+25     2.388e+25     1.830e+25     1.322e+25     8.755e+24     5.120e+24     2.528e+24     1.005e+24  
   8.000     7.316e+25     6.772e+25     6.206e+25     5.625e+25     5.037e+25     4.450e+25     3.873e+25     3.314e+25     2.781e+25     2.278e+25     1.807e+25     1.370e+25     9.700e+24     6.219e+24     3.467e+24     1.607e+24     5.942e+23  
   8.500     5.738e+25     5.288e+25     4.825e+25     4.357e+25     3.888e+25     3.425e+25     2.974e+25     2.541e+25     2.127e+25     1.735e+25     1.367e+25     1.021e+25     7.063e+24     4.363e+24     2.310e+24     1.005e+24     3.471e+23  
   9.000     4.472e+25     4.107e+25     3.736e+25     3.365e+25     2.996e+25     2.635e+25     2.285e+25     1.949e+25     1.627e+25     1.321e+25     1.030e+25     7.563e+24     5.083e+24     3.011e+24     1.509e+24     6.154e+23     1.990e+23  
   9.500     3.472e+25     3.181e+25     2.888e+25     2.596e+25     2.309e+25     2.029e+25     1.757e+25     1.495e+25     1.243e+25     1.002e+25     7.710e+24     5.541e+24     3.602e+24     2.037e+24     9.625e+23     3.673e+23     1.111e+23  
  10.000     2.693e+25     2.462e+25     2.232e+25     2.004e+25     1.781e+25     1.563e+25     1.351e+25     1.146e+25     9.472e+24     7.557e+24     5.720e+24     4.006e+24     2.507e+24     1.347e+24     5.981e+23     2.129e+23     6.001e+22  
  10.500     2.089e+25     1.907e+25     1.727e+25     1.549e+25     1.374e+25     1.203e+25     1.037e+25     8.754e+24     7.181e+24     5.656e+24     4.197e+24     2.852e+24     1.711e+24     8.699e+23     3.612e+23     1.194e+23     3.112e+22  
  11.000     1.623e+25     1.479e+25     1.337e+25     1.198e+25     1.060e+25     9.260e+24     7.946e+24     6.662e+24     5.409e+24     4.194e+24     3.040e+24     1.997e+24     1.143e+24     5.476e+23     2.118e+23     6.461e+22     1.544e+22  
  11.500     1.263e+25     1.149e+25     1.037e+25     9.265e+24     8.179e+24     7.113e+24     6.067e+24     5.043e+24     4.044e+24     3.078e+24     2.172e+24     1.374e+24     7.477e+23     3.358e+23     1.203e+23     3.364e+22     7.290e+21  
  12.000     9.853e+24     8.945e+24     8.049e+24     7.166e+24     6.299e+24     5.447e+24     4.611e+24     3.793e+24     2.996e+24     2.233e+24     1.529e+24     9.270e+23     4.771e+23     1.998e+23     6.582e+22     1.673e+22     3.249e+21  
  12.500     7.700e+24     6.967e+24     6.244e+24     5.534e+24     4.836e+24     4.152e+24     3.482e+24     2.828e+24     2.196e+24     1.597e+24     1.056e+24     6.106e+23     2.950e+23     1.141e+23     3.421e+22     7.799e+21     1.339e+21  
  13.000     6.022e+24     5.422e+24     4.834e+24     4.257e+24     3.693e+24     3.142e+24     2.605e+24     2.084e+24     1.585e+24     1.121e+24     7.116e+23     3.888e+23     1.742e+23     6.140e+22     1.649e+22     3.320e+21     4.951e+20  
  13.500     4.702e+24     4.207e+24     3.723e+24     3.252e+24     2.794e+24     2.350e+24     1.922e+24     1.510e+24     1.121e+24     7.653e+23     4.621e+23     2.354e+23     9.642e+22     3.046e+22     7.216e+21     1.260e+21     1.602e+20  
  14.000     3.654e+24     3.240e+24     2.839e+24     2.453e+24     2.082e+24     1.728e+24     1.389e+24     1.068e+24     7.693e+23     5.024e+23     2.850e+23     1.336e+23     4.935e+22     1.382e+22     2.860e+21     4.292e+20     4.599e+19  
  14.500     2.810e+24     2.461e+24     2.128e+24     1.814e+24     1.518e+24     1.239e+24     9.764e+23     7.313e+23     5.073e+23     3.142e+23     1.659e+23     7.105e+22     2.358e+22     5.854e+21     1.059e+21     1.370e+20     1.243e+19  
  15.000     2.121e+24     1.827e+24     1.555e+24     1.304e+24     1.074e+24     8.608e+23     6.637e+23     4.825e+23     3.210e+23     1.878e+23     9.210e+22     3.608e+22     1.081e+22     2.397e+21     3.831e+20     4.324e+19     3.381e+18  
  15.500     1.552e+24     1.312e+24     1.097e+24     9.061e+23     7.351e+23     5.800e+23     4.379e+23     3.090e+23     1.971e+23     1.089e+23     4.974e+22     1.791e+22     4.881e+21     9.756e+20     1.394e+20     1.395e+19     9.596e+17  
  16.000     1.089e+24     9.036e+23     7.462e+23     6.108e+23     4.914e+23     3.832e+23     2.840e+23     1.946e+23     1.190e+23     6.219e+22     2.649e+22     8.801e+21     2.195e+21     3.988e+20     5.148e+19     4.627e+18     2.846e+17  
  16.500     7.286e+23     6.005e+23     4.958e+23     4.063e+23     3.261e+23     2.519e+23     1.831e+23     1.217e+23     7.124e+22     3.516e+22     1.399e+22     4.300e+21     9.858e+20     1.637e+20     1.923e+19     1.567e+18     8.716e+16  
  17.000     4.734e+23     3.947e+23     3.296e+23     2.715e+23     2.172e+23     1.657e+23     1.178e+23     7.569e+22     4.229e+22     1.969e+22     7.317e+21     2.085e+21     4.405e+20     6.714e+19     7.213e+18     5.362e+17     2.715e+16  
  17.500     3.095e+23     2.634e+23     2.222e+23     1.832e+23     1.454e+23     1.091e+23     7.551e+22     4.672e+22     2.486e+22     1.091e+22     3.784e+21     1.000e+21     1.951e+20     2.736e+19     2.697e+18     1.836e+17     8.504e+15  
  18.000     2.081e+23     1.794e+23     1.517e+23     1.243e+23     9.733e+22     7.152e+22     4.805e+22     2.855e+22     1.443e+22     5.955e+21     1.928e+21     4.731e+20     8.530e+19     1.102e+19     9.992e+17     6.246e+16     2.654e+15  
  18.500     1.431e+23     1.236e+23     1.040e+23     8.430e+22     6.495e+22     4.659e+22     3.028e+22     1.722e+22     8.251e+21     3.198e+21     9.662e+20     2.200e+20     3.669e+19     4.374e+18     3.653e+17     2.100e+16     8.206e+14  
  19.000     9.937e+22     8.541e+22     7.122e+22     5.698e+22     4.305e+22     3.006e+22     1.884e+22     1.023e+22     4.637e+21     1.686e+21     4.750e+20     1.004e+20     1.549e+19     1.706e+18     1.313e+17     6.958e+15     2.503e+14  
  19.500     6.906e+22     5.892e+22     4.858e+22     3.825e+22     2.828e+22     1.916e+22     1.155e+22     5.977e+21     2.557e+21     8.713e+20     2.287e+20     4.487e+19     6.409e+18     6.520e+17     4.633e+16     2.264e+15     7.511e+13  
  20.000     4.786e+22     4.044e+22     3.291e+22     2.546e+22     1.837e+22     1.205e+22     6.967e+21     3.426e+21     1.381e+21     4.406e+20     1.077e+20     1.961e+19     2.594e+18     2.439e+17     1.601e+16     7.221e+14     2.211e+13  
  20.500     3.298e+22     2.756e+22     2.210e+22     1.676e+22     1.177e+22     7.458e+21     4.126e+21     1.924e+21     7.298e+20     2.177e+20     4.953e+19     8.368e+18     1.025e+18     8.913e+16     5.406e+15     2.252e+14     6.368e+12  
  21.000     2.256e+22     1.862e+22     1.469e+22     1.090e+22     7.435e+21     4.537e+21     2.396e+21     1.057e+21     3.766e+20     1.049e+20     2.221e+19     3.481e+18     3.949e+17     3.176e+16     1.780e+15     6.853e+13     1.791e+12  
  21.500     1.530e+22     1.246e+22     9.649e+21     6.987e+21     4.619e+21     2.708e+21     1.361e+21     5.673e+20     1.896e+20     4.928e+19     9.696e+18     1.409e+18     1.480e+17     1.101e+16     5.703e+14     2.029e+13     4.899e+11  
  22.000     1.027e+22     8.234e+21     6.253e+21     4.411e+21     2.818e+21     1.583e+21     7.558e+20     2.968e+20     9.285e+19     2.249e+19     4.111e+18     5.537e+17     5.380e+16     3.700e+15     1.772e+14     5.825e+12     1.300e+11  
  22.500     6.811e+21     5.373e+21     3.992e+21     2.736e+21     1.685e+21     9.043e+20     4.090e+20     1.510e+20     4.415e+19     9.954e+18     1.688e+18     2.105e+17     1.892e+16     1.202e+15     5.319e+13     1.615e+12     3.328e+10  
  23.000     4.460e+21     3.455e+21     2.506e+21     1.665e+21     9.855e+20     5.036e+20     2.152e+20     7.450e+19     2.032e+19     4.257e+18     6.689e+17     7.717e+16     6.407e+15     3.760e+14     1.535e+13     4.301e+11     8.179e+09  
  23.500     2.879e+21     2.185e+21     1.544e+21     9.910e+20     5.619e+20     2.726e+20     1.097e+20     3.553e+19     9.020e+18     1.752e+18     2.548e+17     2.715e+16     2.079e+15     1.125e+14     4.233e+12     1.093e+11     1.915e+09  
  24.000     1.827e+21     1.356e+21     9.304e+20     5.753e+20     3.113e+20     1.429e+20     5.396e+19     1.630e+19     3.843e+18     6.909e+17     9.273e+16     9.109e+15     6.425e+14     3.199e+13     1.107e+12     2.629e+10     4.236e+08  
  24.500     1.138e+21     8.237e+20     5.470e+20     3.245e+20     1.669e+20     7.219e+19     2.549e+19     7.161e+18     1.562e+18     2.592e+17     3.204e+16     2.893e+15     1.875e+14     8.567e+12     2.720e+11     5.922e+09     8.132e+07  
  25.000     6.932e+20     4.878e+20     3.123e+20     1.770e+20     8.613e+19     3.493e+19     1.149e+19     2.988e+18     6.012e+17     9.172e+16     1.040e+16     8.610e+14     5.105e+13     2.133e+12     6.187e+10     1.230e+09     1.531e+07  
