# eps=0.2: maximum star formation efficiency for FFB
# FFB attenuation mode: None. None for no attenuation
# -----
# z, rho_UV[<MUV] [erg s^-1 Hz^-1 cMpc^-3]
# 
       z   rho(<-12.0)   rho(<-12.5)   rho(<-13.0)   rho(<-13.5)   rho(<-14.0)   rho(<-14.5)   rho(<-15.0)   rho(<-15.5)   rho(<-16.0)   rho(<-16.5)   rho(<-17.0)   rho(<-17.5)   rho(<-18.0)   rho(<-18.5)   rho(<-19.0)   rho(<-19.5)   rho(<-20.0)   rho(<-20.5)   rho(<-21.0)   rho(<-21.5)   rho(<-22.0)  
   4.000           nan           nan     8.066e+26     8.017e+26     7.958e+26     7.887e+26     7.803e+26     7.703e+26     7.584e+26     7.444e+26     7.279e+26     7.087e+26     6.865e+26     6.610e+26     6.319e+26     5.991e+26     5.625e+26     5.220e+26     4.779e+26     4.306e+26     3.807e+26  
   4.500           nan           nan     6.143e+26     6.088e+26     6.022e+26     5.944e+26     5.852e+26     5.745e+26     5.621e+26     5.477e+26     5.312e+26     5.124e+26     4.912e+26     4.674e+26     4.410e+26     4.120e+26     3.807e+26     3.473e+26     3.120e+26     2.756e+26     2.385e+26  
   5.000           nan           nan     4.792e+26     4.731e+26     4.660e+26     4.577e+26     4.482e+26     4.372e+26     4.247e+26     4.105e+26     3.946e+26     3.769e+26     3.573e+26     3.359e+26     3.128e+26     2.883e+26     2.624e+26     2.357e+26     2.083e+26     1.809e+26     1.537e+26  
   5.500           nan           nan     3.788e+26     3.723e+26     3.650e+26     3.566e+26     3.470e+26     3.362e+26     3.241e+26     3.107e+26     2.959e+26     2.798e+26     2.624e+26     2.440e+26     2.245e+26     2.044e+26     1.837e+26     1.629e+26     1.421e+26     1.216e+26     1.017e+26  
   6.000           nan           nan     3.005e+26     2.941e+26     2.867e+26     2.785e+26     2.693e+26     2.590e+26     2.478e+26     2.356e+26     2.224e+26     2.084e+26     1.936e+26     1.782e+26     1.623e+26     1.463e+26     1.302e+26     1.142e+26     9.850e+25     8.320e+25     6.842e+25  
   6.500           nan           nan     2.561e+26     2.492e+26     2.416e+26     2.332e+26     2.240e+26     2.140e+26     2.033e+26     1.918e+26     1.797e+26     1.671e+26     1.541e+26     1.407e+26     1.273e+26     1.138e+26     1.004e+26     8.725e+25     7.436e+25     6.183e+25     4.973e+25  
   7.000           nan           nan     2.018e+26     1.954e+26     1.885e+26     1.809e+26     1.728e+26     1.640e+26     1.548e+26     1.451e+26     1.350e+26     1.247e+26     1.142e+26     1.036e+26     9.303e+25     8.259e+25     7.230e+25     6.220e+25     5.231e+25     4.269e+25     3.344e+25  
   7.500           nan           nan     1.578e+26     1.522e+26     1.460e+26     1.394e+26     1.324e+26     1.250e+26     1.173e+26     1.093e+26     1.011e+26     9.284e+25     8.456e+25     7.630e+25     6.814e+25     6.008e+25     5.214e+25     4.434e+25     3.668e+25     2.923e+25     2.214e+25  
   8.000           nan           nan     1.226e+26     1.176e+26     1.123e+26     1.067e+26     1.009e+26     9.475e+25     8.845e+25     8.203e+25     7.556e+25     6.907e+25     6.263e+25     5.624e+25     4.993e+25     4.370e+25     3.754e+25     3.146e+25     2.549e+25     1.972e+25     1.433e+25  
   8.500           nan           nan     9.455e+25     9.037e+25     8.594e+25     8.130e+25     7.649e+25     7.155e+25     6.653e+25     6.147e+25     5.641e+25     5.138e+25     4.639e+25     4.145e+25     3.657e+25     3.171e+25     2.689e+25     2.213e+25     1.747e+25     1.303e+25     9.022e+24  
   9.000           nan           nan     7.258e+25     6.911e+25     6.548e+25     6.171e+25     5.786e+25     5.394e+25     4.999e+25     4.604e+25     4.212e+25     3.822e+25     3.436e+25     3.053e+25     2.671e+25     2.291e+25     1.912e+25     1.538e+25     1.176e+25     8.409e+24     5.503e+24  
   9.500           nan           nan     5.554e+25     5.271e+25     4.978e+25     4.677e+25     4.372e+25     4.064e+25     3.756e+25     3.450e+25     3.146e+25     2.844e+25     2.544e+25     2.244e+25     1.944e+25     1.644e+25     1.345e+25     1.053e+25     7.762e+24     5.283e+24     3.247e+24  
  10.000           nan           nan     4.244e+25     4.016e+25     3.782e+25     3.544e+25     3.305e+25     3.064e+25     2.825e+25     2.587e+25     2.351e+25     2.115e+25     1.880e+25     1.644e+25     1.407e+25     1.170e+25     9.351e+24     7.090e+24     5.007e+24     3.226e+24     1.852e+24  
  10.500           nan           nan     3.244e+25     3.062e+25     2.876e+25     2.689e+25     2.501e+25     2.313e+25     2.126e+25     1.941e+25     1.756e+25     1.570e+25     1.385e+25     1.198e+25     1.011e+25     8.236e+24     6.407e+24     4.683e+24     3.154e+24     1.913e+24     1.020e+24  
  11.000           nan           nan     2.484e+25     2.338e+25     2.191e+25     2.043e+25     1.896e+25     1.748e+25     1.602e+25     1.456e+25     1.310e+25     1.163e+25     1.016e+25     8.680e+24     7.197e+24     5.730e+24     4.321e+24     3.031e+24     1.936e+24     1.099e+24     5.411e+23  
  11.500           nan           nan     1.906e+25     1.790e+25     1.673e+25     1.556e+25     1.439e+25     1.323e+25     1.207e+25     1.091e+25     9.753e+24     8.589e+24     7.419e+24     6.244e+24     5.075e+24     3.935e+24     2.865e+24     1.920e+24     1.156e+24     6.102e+23     2.746e+23  
  12.000           nan           nan     1.468e+25     1.375e+25     1.281e+25     1.187e+25     1.094e+25     1.001e+25     9.088e+24     8.165e+24     7.240e+24     6.313e+24     5.381e+24     4.452e+24     3.538e+24     2.662e+24     1.863e+24     1.185e+24     6.675e+23     3.237e+23     1.315e+23  
  12.500           nan           nan     1.134e+25     1.058e+25     9.826e+24     9.070e+24     8.319e+24     7.572e+24     6.830e+24     6.089e+24     5.349e+24     4.609e+24     3.870e+24     3.139e+24     2.431e+24     1.767e+24     1.181e+24     7.064e+23     3.677e+23     1.616e+23     5.849e+22  
  13.000           nan           nan     8.792e+24     8.167e+24     7.545e+24     6.928e+24     6.316e+24     5.711e+24     5.110e+24     4.514e+24     3.921e+24     3.332e+24     2.750e+24     2.180e+24     1.638e+24     1.142e+24     7.216e+23     4.010e+23     1.901e+23     7.485e+22     2.398e+22  
  13.500           nan           nan     6.826e+24     6.305e+24     5.788e+24     5.277e+24     4.775e+24     4.280e+24     3.793e+24     3.313e+24     2.840e+24     2.375e+24     1.919e+24     1.481e+24     1.072e+24     7.102e+23     4.190e+23     2.135e+23     9.131e+22     3.210e+22     9.159e+21  
  14.000           nan           nan     5.299e+24     4.857e+24     4.421e+24     3.994e+24     3.578e+24     3.172e+24     2.778e+24     2.394e+24     2.020e+24     1.657e+24     1.306e+24     9.747e+23     6.734e+23     4.195e+23     2.288e+23     1.062e+23     4.103e+22     1.299e+22     3.356e+21  
  14.500           nan           nan     4.099e+24     3.718e+24     3.345e+24     2.986e+24     2.640e+24     2.309e+24     1.994e+24     1.691e+24     1.402e+24     1.124e+24     8.601e+23     6.163e+23     4.036e+23     2.350e+23     1.183e+23     5.021e+22     1.767e+22     5.114e+21     1.216e+21  
  15.000           nan           nan     3.143e+24     2.809e+24     2.489e+24     2.187e+24     1.903e+24     1.639e+24     1.393e+24     1.162e+24     9.441e+23     7.384e+23     5.468e+23     3.751e+23     2.324e+23     1.265e+23     5.900e+22     2.308e+22     7.484e+21     2.001e+21     4.418e+20  
  15.500           nan           nan     2.368e+24     2.075e+24     1.802e+24     1.553e+24     1.329e+24     1.128e+24     9.447e+23     7.764e+23     6.193e+23     4.727e+23     3.386e+23     2.225e+23     1.305e+23     6.662e+22     2.891e+22     1.049e+22     3.152e+21     7.830e+20     1.610e+20  
  16.000           nan           nan     1.729e+24     1.477e+24     1.254e+24     1.062e+24     8.975e+23     7.545e+23     6.268e+23     5.096e+23     4.002e+23     2.983e+23     2.068e+23     1.301e+23     7.229e+22     3.464e+22     1.402e+22     4.732e+21     1.322e+21     3.057e+20     5.858e+19  
  16.500           nan           nan     1.202e+24     1.000e+24     8.358e+23     7.027e+23     5.931e+23     4.986e+23     4.132e+23     3.331e+23     2.575e+23     1.873e+23     1.254e+23     7.535e+22     3.962e+22     1.782e+22     6.737e+21     2.117e+21     5.507e+20     1.185e+20     2.115e+19  
  17.000           nan           nan     7.865e+23     6.470e+23     5.418e+23     4.601e+23     3.920e+23     3.310e+23     2.735e+23     2.182e+23     1.655e+23     1.171e+23     7.548e+22     4.324e+22     2.148e+22     9.064e+21     3.199e+21     9.367e+20     2.268e+20     4.546e+19     7.555e+18  
  17.500           nan           nan     4.927e+23     4.121e+23     3.532e+23     3.055e+23     2.627e+23     2.219e+23     1.820e+23     1.431e+23     1.062e+23     7.278e+22     4.503e+22     2.453e+22     1.149e+22     4.544e+21     1.497e+21     4.084e+20     9.211e+19     1.720e+19     2.662e+18  
  18.000           nan           nan     3.101e+23     2.691e+23     2.364e+23     2.069e+23     1.782e+23     1.497e+23     1.213e+23     9.368e+22     6.771e+22     4.483e+22     2.655e+22     1.372e+22     6.050e+21     2.240e+21     6.888e+20     1.751e+20     3.680e+19     6.401e+18     9.230e+17  
  18.500           nan           nan     2.040e+23     1.820e+23     1.617e+23     1.417e+23     1.215e+23     1.010e+23     8.069e+22     6.098e+22     4.281e+22     2.730e+22     1.543e+22     7.544e+21     3.128e+21     1.084e+21     3.110e+20     7.371e+19     1.444e+19     2.342e+18     3.147e+17  
  19.000           nan           nan     1.395e+23     1.256e+23     1.117e+23     9.740e+22     8.279e+22     6.800e+22     5.335e+22     3.936e+22     2.676e+22     1.639e+22     8.817e+21     4.073e+21     1.586e+21     5.138e+20     1.376e+20     3.043e+19     5.561e+18     8.415e+17     1.053e+17  
  19.500           nan           nan     9.691e+22     8.724e+22     7.722e+22     6.685e+22     5.622e+22     4.550e+22     3.499e+22     2.513e+22     1.651e+22     9.682e+21     4.947e+21     2.155e+21     7.872e+20     2.385e+20     5.966e+19     1.231e+19     2.101e+18     2.966e+17     3.458e+16  
  20.000           nan           nan     6.758e+22     6.058e+22     5.326e+22     4.569e+22     3.794e+22     3.020e+22     2.271e+22     1.584e+22     1.003e+22     5.618e+21     2.721e+21     1.116e+21     3.823e+20     1.083e+20     2.531e+19     4.878e+18     7.774e+17     1.024e+17     1.110e+16  
  20.500           nan           nan     4.703e+22     4.191e+22     3.655e+22     3.102e+22     2.540e+22     1.985e+22     1.456e+22     9.844e+21     5.987e+21     3.197e+21     1.465e+21     5.655e+20     1.814e+20     4.807e+19     1.049e+19     1.891e+18     2.815e+17     3.458e+16     3.473e+15  
  21.000           nan           nan     3.259e+22     2.883e+22     2.491e+22     2.089e+22     1.684e+22     1.289e+22     9.212e+21     6.017e+21     3.508e+21     1.782e+21     7.712e+20     2.797e+20     8.405e+19     2.083e+19     4.251e+18     7.163e+17     9.971e+16     1.142e+16     1.064e+15  
  21.500           nan           nan     2.243e+22     1.968e+22     1.683e+22     1.393e+22     1.104e+22     8.265e+21     5.738e+21     3.613e+21     2.014e+21     9.708e+20     3.963e+20     1.349e+20     3.796e+19     8.796e+18     1.679e+18     2.646e+17     3.438e+16     3.656e+15     3.126e+14  
  22.000           nan           nan     1.532e+22     1.332e+22     1.127e+22     9.189e+21     7.147e+21     5.221e+21     3.513e+21     2.127e+21     1.131e+21     5.163e+20     1.984e+20     6.334e+19     1.668e+19     3.616e+18     6.457e+17     9.508e+16     1.150e+16     1.128e+15     8.767e+13  
  22.500           nan           nan     1.037e+22     8.927e+21     7.456e+21     5.986e+21     4.561e+21     3.245e+21     2.110e+21     1.225e+21     6.200e+20     2.673e+20     9.657e+19     2.889e+19     7.118e+18     1.443e+18     2.411e+17     3.319e+16     3.737e+15     3.387e+14     2.403e+13  
  23.000           nan           nan     6.944e+21     5.915e+21     4.873e+21     3.845e+21     2.865e+21     1.979e+21     1.241e+21     6.890e+20     3.308e+20     1.345e+20     4.559e+19     1.277e+19     2.941e+18     5.575e+17     8.701e+16     1.114e+16     1.157e+15     9.516e+13     6.006e+12  
  23.500           nan           nan     4.596e+21     3.869e+21     3.141e+21     2.431e+21     1.767e+21     1.183e+21     7.125e+20     3.771e+20     1.713e+20     6.550e+19     2.081e+19     5.447e+18     1.173e+18     2.078e+17     3.027e+16     3.605e+15     3.452e+14     2.586e+13     1.465e+12  
  24.000           nan           nan     3.002e+21     2.494e+21     1.992e+21     1.509e+21     1.067e+21     6.898e+20     3.981e+20     2.001e+20     8.576e+19     3.077e+19     9.141e+18     2.235e+18     4.490e+17     7.415e+16     1.003e+16     1.098e+15     9.507e+13     6.302e+12     3.091e+11  
  24.500           nan           nan     1.931e+21     1.582e+21     1.240e+21     9.176e+20     6.294e+20     3.915e+20     2.156e+20     1.026e+20     4.133e+19     1.388e+19     3.847e+18     8.767e+17     1.642e+17     2.525e+16     3.166e+15     3.183e+14     2.495e+13     1.475e+12     6.355e+10  
  25.000           nan           nan     1.221e+21     9.840e+20     7.557e+20     5.444e+20     3.609e+20     2.151e+20     1.125e+20     5.048e+19     1.905e+19     5.967e+18     1.540e+18     3.263e+17     5.673e+16     8.059e+15     9.232e+14     8.325e+13     5.721e+12     2.896e+11     1.047e+10  
