# eps=0.9: maximum star formation efficiency for FFB
# -----
# z, rho_SFR(<MUV) [Msun yr^-1 cMpc^-3]
#   MUV: absolute mag without dust attenuation
       z   rho(<-15.0)   rho(<-15.5)   rho(<-16.0)   rho(<-16.5)   rho(<-17.0)   rho(<-17.5)   rho(<-18.0)   rho(<-18.5)   rho(<-19.0)   rho(<-19.5)   rho(<-20.0)   rho(<-20.5)   rho(<-21.0)  
   5.000     2.240e-02     2.215e-02     2.185e-02     2.150e-02     2.108e-02     2.059e-02     2.004e-02     1.941e-02     1.872e-02     1.796e-02     1.715e-02     1.630e-02     1.542e-02  
   5.500     2.006e-02     1.975e-02     1.938e-02     1.897e-02     1.850e-02     1.797e-02     1.740e-02     1.678e-02     1.613e-02     1.544e-02     1.474e-02     1.402e-02     1.328e-02  
   6.000     1.787e-02     1.751e-02     1.711e-02     1.667e-02     1.618e-02     1.566e-02     1.511e-02     1.454e-02     1.396e-02     1.337e-02     1.277e-02     1.216e-02     1.154e-02  
   6.500     1.684e-02     1.644e-02     1.601e-02     1.554e-02     1.505e-02     1.454e-02     1.401e-02     1.348e-02     1.294e-02     1.240e-02     1.186e-02     1.129e-02     1.070e-02  
   7.000     1.462e-02     1.424e-02     1.383e-02     1.340e-02     1.296e-02     1.252e-02     1.207e-02     1.162e-02     1.117e-02     1.071e-02     1.024e-02     9.750e-03     9.213e-03  
   7.500     1.251e-02     1.216e-02     1.180e-02     1.144e-02     1.106e-02     1.069e-02     1.032e-02     9.950e-03     9.575e-03     9.188e-03     8.780e-03     8.334e-03     7.829e-03  
   8.000     1.057e-02     1.028e-02     9.975e-03     9.674e-03     9.372e-03     9.071e-03     8.770e-03     8.465e-03     8.149e-03     7.815e-03     7.449e-03     7.034e-03     6.546e-03  
   8.500     8.850e-03     8.611e-03     8.371e-03     8.131e-03     7.891e-03     7.650e-03     7.405e-03     7.151e-03     6.881e-03     6.585e-03     6.248e-03     5.852e-03     5.373e-03  
   9.000     7.366e-03     7.179e-03     6.991e-03     6.802e-03     6.612e-03     6.417e-03     6.215e-03     6.000e-03     5.762e-03     5.492e-03     5.175e-03     4.792e-03     4.318e-03  
   9.500     6.109e-03     5.964e-03     5.817e-03     5.668e-03     5.516e-03     5.356e-03     5.185e-03     4.997e-03     4.783e-03     4.531e-03     4.228e-03     3.854e-03     3.389e-03  
  10.000     5.055e-03     4.942e-03     4.826e-03     4.707e-03     4.582e-03     4.447e-03     4.299e-03     4.130e-03     3.932e-03     3.694e-03     3.403e-03     3.040e-03     2.588e-03  
  10.500     4.176e-03     4.086e-03     3.993e-03     3.895e-03     3.789e-03     3.672e-03     3.539e-03     3.385e-03     3.199e-03     2.973e-03     2.693e-03     2.344e-03     1.914e-03  
  11.000     3.444e-03     3.371e-03     3.294e-03     3.211e-03     3.119e-03     3.014e-03     2.893e-03     2.749e-03     2.574e-03     2.359e-03     2.092e-03     1.763e-03     1.365e-03  
  11.500     2.837e-03     2.776e-03     2.710e-03     2.637e-03     2.555e-03     2.460e-03     2.347e-03     2.212e-03     2.047e-03     1.844e-03     1.593e-03     1.288e-03     9.338e-04  
  12.000     2.336e-03     2.282e-03     2.224e-03     2.158e-03     2.083e-03     1.995e-03     1.890e-03     1.763e-03     1.607e-03     1.417e-03     1.185e-03     9.108e-04     6.092e-04  
  12.500     1.921e-03     1.874e-03     1.820e-03     1.760e-03     1.690e-03     1.607e-03     1.508e-03     1.389e-03     1.244e-03     1.069e-03     8.591e-04     6.207e-04     3.776e-04  
  13.000     1.580e-03     1.536e-03     1.486e-03     1.429e-03     1.363e-03     1.285e-03     1.192e-03     1.081e-03     9.469e-04     7.876e-04     6.038e-04     4.057e-04     2.208e-04  
  13.500     1.299e-03     1.256e-03     1.208e-03     1.154e-03     1.090e-03     1.016e-03     9.288e-04     8.255e-04     7.042e-04     5.642e-04     4.096e-04     2.528e-04     1.202e-04  
  14.000     1.064e-03     1.022e-03     9.746e-04     9.209e-04     8.594e-04     7.888e-04     7.074e-04     6.142e-04     5.090e-04     3.926e-04     2.681e-04     1.489e-04     6.097e-05  
  14.500     8.633e-04     8.197e-04     7.715e-04     7.178e-04     6.584e-04     5.931e-04     5.223e-04     4.458e-04     3.612e-04     2.670e-04     1.686e-04     8.263e-05     2.902e-05  
  15.000     6.821e-04     6.356e-04     5.863e-04     5.356e-04     4.851e-04     4.349e-04     3.820e-04     3.222e-04     2.531e-04     1.766e-04     1.011e-04     4.320e-05     1.306e-05  
  15.500     5.074e-04     4.632e-04     4.244e-04     3.908e-04     3.583e-04     3.226e-04     2.806e-04     2.308e-04     1.736e-04     1.126e-04     5.769e-05     2.135e-05     5.594e-06  
  16.000     3.568e-04     3.342e-04     3.146e-04     2.938e-04     2.693e-04     2.399e-04     2.044e-04     1.626e-04     1.159e-04     6.905e-05     3.123e-05     1.000e-05     2.290e-06  
  16.500     2.654e-04     2.535e-04     2.395e-04     2.225e-04     2.018e-04     1.766e-04     1.466e-04     1.122e-04     7.510e-05     4.055e-05     1.604e-05     4.463e-06     8.994e-07  
  17.000     2.036e-04     1.940e-04     1.821e-04     1.675e-04     1.498e-04     1.285e-04     1.035e-04     7.558e-05     4.704e-05     2.273e-05     7.829e-06     1.905e-06     3.394e-07  
  17.500     1.561e-04     1.477e-04     1.375e-04     1.250e-04     1.099e-04     9.215e-05     7.175e-05     4.965e-05     2.837e-05     1.214e-05     3.642e-06     7.803e-07     1.233e-07  
  18.000     1.189e-04     1.117e-04     1.029e-04     9.236e-05     7.978e-05     6.513e-05     4.872e-05     3.166e-05     1.643e-05     6.167e-06     1.619e-06     3.072e-07     4.307e-08  
  18.500     8.997e-05     8.383e-05     7.641e-05     6.756e-05     5.717e-05     4.529e-05     3.236e-05     1.955e-05     9.095e-06     2.989e-06     6.900e-07     1.164e-07     1.449e-08  
  19.000     6.761e-05     6.241e-05     5.621e-05     4.888e-05     4.041e-05     3.093e-05     2.095e-05     1.165e-05     4.809e-06     1.383e-06     2.827e-07     4.253e-08     4.692e-09  
  19.500     5.044e-05     4.609e-05     4.095e-05     3.497e-05     2.816e-05     2.072e-05     1.319e-05     6.672e-06     2.428e-06     6.131e-07     1.115e-07     1.498e-08     1.460e-09  
  20.000     3.734e-05     3.375e-05     2.954e-05     2.471e-05     1.931e-05     1.358e-05     8.055e-06     3.664e-06     1.170e-06     2.608e-07     4.237e-08     5.080e-09     4.352e-10  
