# eps=0.5: maximum star formation efficiency for FFB
# -----
# z, rho_SFR(<MUV) [Msun yr^-1 cMpc^-3]
#   MUV: absolute mag without dust attenuation
       z   rho(<-15.0)   rho(<-15.5)   rho(<-16.0)   rho(<-16.5)   rho(<-17.0)   rho(<-17.5)   rho(<-18.0)   rho(<-18.5)   rho(<-19.0)   rho(<-19.5)   rho(<-20.0)   rho(<-20.5)   rho(<-21.0)  
   4.000     2.461e-02     2.448e-02     2.432e-02     2.411e-02     2.384e-02     2.350e-02     2.307e-02     2.254e-02     2.188e-02     2.107e-02     2.011e-02     1.897e-02     1.765e-02  
   4.500     2.116e-02     2.097e-02     2.074e-02     2.045e-02     2.009e-02     1.966e-02     1.913e-02     1.851e-02     1.778e-02     1.694e-02     1.599e-02     1.494e-02     1.379e-02  
   5.000     1.827e-02     1.802e-02     1.771e-02     1.733e-02     1.689e-02     1.638e-02     1.579e-02     1.512e-02     1.438e-02     1.356e-02     1.269e-02     1.177e-02     1.083e-02  
   5.500     1.590e-02     1.558e-02     1.520e-02     1.476e-02     1.426e-02     1.371e-02     1.309e-02     1.243e-02     1.172e-02     1.098e-02     1.023e-02     9.468e-03     8.704e-03  
   6.000     1.382e-02     1.345e-02     1.302e-02     1.255e-02     1.203e-02     1.148e-02     1.089e-02     1.028e-02     9.651e-03     9.022e-03     8.395e-03     7.773e-03     7.151e-03  
   6.500     1.273e-02     1.231e-02     1.185e-02     1.135e-02     1.082e-02     1.027e-02     9.709e-03     9.141e-03     8.575e-03     8.015e-03     7.461e-03     6.905e-03     6.339e-03  
   7.000     1.078e-02     1.037e-02     9.936e-03     9.478e-03     9.007e-03     8.530e-03     8.053e-03     7.582e-03     7.119e-03     6.661e-03     6.202e-03     5.733e-03     5.238e-03  
   7.500     8.985e-03     8.614e-03     8.228e-03     7.834e-03     7.438e-03     7.045e-03     6.658e-03     6.278e-03     5.903e-03     5.527e-03     5.141e-03     4.732e-03     4.283e-03  
   8.000     7.388e-03     7.072e-03     6.750e-03     6.429e-03     6.110e-03     5.798e-03     5.490e-03     5.186e-03     4.880e-03     4.566e-03     4.232e-03     3.864e-03     3.444e-03  
   8.500     6.020e-03     5.764e-03     5.508e-03     5.255e-03     5.005e-03     4.760e-03     4.516e-03     4.271e-03     4.017e-03     3.747e-03     3.449e-03     3.109e-03     2.710e-03  
   9.000     4.884e-03     4.683e-03     4.485e-03     4.289e-03     4.095e-03     3.902e-03     3.706e-03     3.503e-03     3.287e-03     3.048e-03     2.776e-03     2.456e-03     2.073e-03  
   9.500     3.958e-03     3.804e-03     3.651e-03     3.499e-03     3.347e-03     3.192e-03     3.032e-03     2.860e-03     2.670e-03     2.454e-03     2.200e-03     1.897e-03     1.533e-03  
  10.000     3.211e-03     3.092e-03     2.974e-03     2.855e-03     2.733e-03     2.606e-03     2.470e-03     2.320e-03     2.149e-03     1.950e-03     1.712e-03     1.426e-03     1.087e-03  
  10.500     2.610e-03     2.517e-03     2.424e-03     2.328e-03     2.227e-03     2.120e-03     2.001e-03     1.867e-03     1.711e-03     1.526e-03     1.303e-03     1.038e-03     7.336e-04  
  11.000     2.126e-03     2.052e-03     1.976e-03     1.896e-03     1.811e-03     1.717e-03     1.611e-03     1.489e-03     1.345e-03     1.173e-03     9.673e-04     7.268e-04     4.678e-04  
  11.500     1.736e-03     1.675e-03     1.611e-03     1.543e-03     1.468e-03     1.384e-03     1.288e-03     1.176e-03     1.043e-03     8.842e-04     6.970e-04     4.875e-04     2.815e-04  
  12.000     1.421e-03     1.369e-03     1.313e-03     1.253e-03     1.185e-03     1.109e-03     1.021e-03     9.179e-04     7.955e-04     6.511e-04     4.857e-04     3.120e-04     1.603e-04  
  12.500     1.166e-03     1.120e-03     1.070e-03     1.015e-03     9.534e-04     8.831e-04     8.018e-04     7.065e-04     5.950e-04     4.664e-04     3.258e-04     1.901e-04     8.543e-05  
  13.000     9.594e-04     9.170e-04     8.707e-04     8.195e-04     7.620e-04     6.965e-04     6.211e-04     5.338e-04     4.340e-04     3.231e-04     2.094e-04     1.091e-04     4.146e-05  
  13.500     7.903e-04     7.497e-04     7.054e-04     6.566e-04     6.020e-04     5.404e-04     4.707e-04     3.923e-04     3.061e-04     2.156e-04     1.280e-04     5.780e-05     1.853e-05  
  14.000     6.482e-04     6.078e-04     5.640e-04     5.162e-04     4.638e-04     4.064e-04     3.442e-04     2.783e-04     2.093e-04     1.385e-04     7.356e-05     2.840e-05     7.779e-06  
  14.500     5.221e-04     4.802e-04     4.357e-04     3.889e-04     3.407e-04     2.924e-04     2.442e-04     1.941e-04     1.401e-04     8.532e-05     3.965e-05     1.310e-05     3.107e-06  
  15.000     3.999e-04     3.563e-04     3.142e-04     2.760e-04     2.420e-04     2.093e-04     1.741e-04     1.343e-04     9.112e-05     4.998e-05     2.013e-05     5.732e-06     1.187e-06  
  15.500     2.769e-04     2.440e-04     2.193e-04     1.983e-04     1.768e-04     1.523e-04     1.236e-04     9.101e-05     5.707e-05     2.778e-05     9.666e-06     2.392e-06     4.348e-07  
  16.000     1.883e-04     1.749e-04     1.621e-04     1.477e-04     1.306e-04     1.101e-04     8.625e-05     5.994e-05     3.429e-05     1.464e-05     4.412e-06     9.562e-07     1.530e-07  
  16.500     1.404e-04     1.321e-04     1.222e-04     1.102e-04     9.566e-05     7.848e-05     5.889e-05     3.826e-05     1.969e-05     7.329e-06     1.922e-06     3.671e-07     5.174e-08  
  17.000     1.070e-04     1.001e-04     9.168e-05     8.144e-05     6.921e-05     5.499e-05     3.926e-05     2.354e-05     1.078e-05     3.488e-06     8.019e-07     1.355e-07     1.682e-08  
  17.500     8.131e-05     7.538e-05     6.818e-05     5.954e-05     4.938e-05     3.779e-05     2.545e-05     1.393e-05     5.616e-06     1.584e-06     3.214e-07     4.815e-08     5.250e-09  
  18.000     6.135e-05     5.630e-05     5.022e-05     4.302e-05     3.468e-05     2.544e-05     1.600e-05     7.898e-06     2.785e-06     6.886e-07     1.239e-07     1.646e-08     1.573e-09  
  18.500     4.594e-05     4.168e-05     3.661e-05     3.068e-05     2.395e-05     1.671e-05     9.718e-06     4.274e-06     1.318e-06     2.874e-07     4.603e-08     5.418e-09     4.518e-10  
  19.000     3.413e-05     3.057e-05     2.639e-05     2.158e-05     1.623e-05     1.069e-05     5.683e-06     2.209e-06     5.965e-07     1.154e-07     1.647e-08     1.715e-09     1.236e-10  
  19.500     2.515e-05     2.221e-05     1.880e-05     1.495e-05     1.078e-05     6.638e-06     3.190e-06     1.089e-06     2.588e-07     4.461e-08     5.682e-09     5.214e-10     3.137e-11  
  20.000     1.837e-05     1.597e-05     1.323e-05     1.019e-05     6.991e-06     3.989e-06     1.714e-06     5.130e-07     1.079e-07     1.663e-08     1.887e-09     1.513e-10     6.409e-12  
  20.500     1.329e-05     1.136e-05     9.178e-06     6.812e-06     4.419e-06     2.310e-06     8.795e-07     2.312e-07     4.329e-08     5.976e-09     6.025e-10     4.087e-11     0.000e+00  
  21.000     9.529e-06     7.983e-06     6.274e-06     4.465e-06     2.714e-06     1.286e-06     4.307e-07     9.988e-08     1.672e-08     2.068e-09     1.844e-10     9.873e-12     0.000e+00  
  21.500     6.759e-06     5.540e-06     4.217e-06     2.860e-06     1.613e-06     6.840e-07     2.014e-07     4.138e-08     6.213e-09     6.875e-10     5.299e-11     9.709e-13     0.000e+00  
  22.000     4.741e-06     3.791e-06     2.782e-06     1.785e-06     9.235e-07     3.475e-07     8.984e-08     1.645e-08     2.219e-09     2.182e-10     1.322e-11     0.000e+00     0.000e+00  
  22.500     3.284e-06     2.553e-06     1.798e-06     1.081e-06     5.068e-07     1.680e-07     3.827e-08     6.271e-09     7.596e-10     6.564e-11     2.292e-12     0.000e+00     0.000e+00  
  23.000     2.244e-06     1.690e-06     1.133e-06     6.321e-07     2.654e-07     7.710e-08     1.555e-08     2.286e-09     2.474e-10     1.748e-11     0.000e+00     0.000e+00     0.000e+00  
  23.500     1.511e-06     1.096e-06     6.944e-07     3.550e-07     1.319e-07     3.354e-08     6.016e-09     7.946e-10     7.607e-11     3.592e-12     0.000e+00     0.000e+00     0.000e+00  
  24.000     9.991e-07     6.939e-07     4.114e-07     1.900e-07     6.187e-08     1.380e-08     2.209e-09     2.610e-10     2.080e-11     0.000e+00     0.000e+00     0.000e+00     0.000e+00  
  24.500     6.474e-07     4.273e-07     2.340e-07     9.614e-08     2.725e-08     5.351e-09     7.662e-10     8.019e-11     4.492e-12     0.000e+00     0.000e+00     0.000e+00     0.000e+00  
  25.000     4.092e-07     2.540e-07     1.266e-07     4.559e-08     1.121e-08     1.944e-09     2.480e-10     2.163e-11     0.000e+00     0.000e+00     0.000e+00     0.000e+00     0.000e+00  
