# eps=0.7: maximum star formation efficiency for FFB
# -----
# z, rho_SFR(<MUV) [Msun yr^-1 cMpc^-3]
#   MUV: absolute mag without dust attenuation
       z   rho(<-14.0)   rho(<-14.5)   rho(<-15.0)   rho(<-15.5)   rho(<-16.0)   rho(<-16.5)   rho(<-17.0)   rho(<-17.5)   rho(<-18.0)   rho(<-18.5)   rho(<-19.0)   rho(<-19.5)   rho(<-20.0)   rho(<-20.5)   rho(<-21.0)   rho(<-21.5)   rho(<-22.0)  
   4.000     2.612e-02     2.605e-02     2.595e-02     2.583e-02     2.567e-02     2.546e-02     2.520e-02     2.486e-02     2.444e-02     2.392e-02     2.327e-02     2.249e-02     2.156e-02     2.046e-02     1.919e-02     1.774e-02     1.614e-02  
   4.500     2.332e-02     2.320e-02     2.305e-02     2.287e-02     2.264e-02     2.235e-02     2.200e-02     2.158e-02     2.107e-02     2.047e-02     1.976e-02     1.895e-02     1.804e-02     1.703e-02     1.593e-02     1.476e-02     1.353e-02  
   5.000     2.072e-02     2.055e-02     2.034e-02     2.009e-02     1.978e-02     1.942e-02     1.899e-02     1.849e-02     1.792e-02     1.727e-02     1.655e-02     1.577e-02     1.494e-02     1.406e-02     1.315e-02     1.222e-02     1.126e-02  
   5.500     1.848e-02     1.825e-02     1.798e-02     1.766e-02     1.729e-02     1.687e-02     1.638e-02     1.584e-02     1.525e-02     1.461e-02     1.393e-02     1.323e-02     1.250e-02     1.176e-02     1.102e-02     1.026e-02     9.481e-03  
   6.000     1.644e-02     1.616e-02     1.585e-02     1.548e-02     1.507e-02     1.461e-02     1.411e-02     1.358e-02     1.301e-02     1.242e-02     1.182e-02     1.121e-02     1.060e-02     9.989e-03     9.367e-03     8.726e-03     8.046e-03  
   6.500     1.549e-02     1.516e-02     1.479e-02     1.438e-02     1.393e-02     1.345e-02     1.294e-02     1.241e-02     1.187e-02     1.133e-02     1.078e-02     1.023e-02     9.678e-03     9.120e-03     8.541e-03     7.922e-03     7.237e-03  
   7.000     1.341e-02     1.307e-02     1.271e-02     1.231e-02     1.189e-02     1.145e-02     1.099e-02     1.053e-02     1.007e-02     9.615e-03     9.159e-03     8.703e-03     8.240e-03     7.757e-03     7.239e-03     6.662e-03     5.995e-03  
   7.500     1.141e-02     1.109e-02     1.075e-02     1.039e-02     1.002e-02     9.642e-03     9.260e-03     8.880e-03     8.503e-03     8.128e-03     7.753e-03     7.371e-03     6.973e-03     6.543e-03     6.063e-03     5.506e-03     4.841e-03  
   8.000     9.557e-03     9.276e-03     8.982e-03     8.678e-03     8.369e-03     8.059e-03     7.751e-03     7.445e-03     7.141e-03     6.837e-03     6.526e-03     6.200e-03     5.848e-03     5.454e-03     4.996e-03     4.448e-03     3.780e-03  
   8.500     7.915e-03     7.680e-03     7.439e-03     7.193e-03     6.946e-03     6.701e-03     6.457e-03     6.214e-03     5.970e-03     5.720e-03     5.457e-03     5.172e-03     4.853e-03     4.481e-03     4.037e-03     3.494e-03     2.831e-03  
   9.000     6.508e-03     6.320e-03     6.129e-03     5.936e-03     5.744e-03     5.552e-03     5.360e-03     5.167e-03     4.968e-03     4.758e-03     4.530e-03     4.274e-03     3.976e-03     3.621e-03     3.187e-03     2.654e-03     2.013e-03  
   9.500     5.332e-03     5.186e-03     5.037e-03     4.888e-03     4.739e-03     4.589e-03     4.437e-03     4.280e-03     4.113e-03     3.932e-03     3.729e-03     3.493e-03     3.212e-03     2.870e-03     2.448e-03     1.935e-03     1.344e-03  
  10.000     4.364e-03     4.251e-03     4.136e-03     4.021e-03     3.904e-03     3.785e-03     3.662e-03     3.530e-03     3.387e-03     3.227e-03     3.041e-03     2.821e-03     2.553e-03     2.224e-03     1.822e-03     1.344e-03     8.324e-04  
  10.500     3.572e-03     3.484e-03     3.396e-03     3.305e-03     3.212e-03     3.115e-03     3.011e-03     2.898e-03     2.772e-03     2.627e-03     2.454e-03     2.247e-03     1.992e-03     1.680e-03     1.304e-03     8.809e-04     4.761e-04  
  11.000     2.927e-03     2.858e-03     2.787e-03     2.714e-03     2.638e-03     2.556e-03     2.467e-03     2.367e-03     2.253e-03     2.119e-03     1.958e-03     1.762e-03     1.522e-03     1.232e-03     8.932e-04     5.412e-04     2.528e-04  
  11.500     2.402e-03     2.347e-03     2.289e-03     2.228e-03     2.163e-03     2.092e-03     2.013e-03     1.923e-03     1.818e-03     1.693e-03     1.543e-03     1.359e-03     1.136e-03     8.725e-04     5.819e-04     3.117e-04     1.260e-04  
  12.000     1.975e-03     1.929e-03     1.880e-03     1.827e-03     1.770e-03     1.707e-03     1.635e-03     1.552e-03     1.455e-03     1.339e-03     1.198e-03     1.028e-03     8.256e-04     5.946e-04     3.595e-04     1.686e-04     5.776e-05  
  12.500     1.629e-03     1.588e-03     1.545e-03     1.498e-03     1.446e-03     1.388e-03     1.322e-03     1.245e-03     1.154e-03     1.046e-03     9.160e-04     7.610e-04     5.816e-04     3.883e-04     2.098e-04     8.432e-05     2.407e-05  
  13.000     1.347e-03     1.311e-03     1.271e-03     1.228e-03     1.179e-03     1.125e-03     1.063e-03     9.905e-04     9.055e-04     8.050e-04     6.862e-04     5.482e-04     3.951e-04     2.414e-04     1.141e-04     3.854e-05     9.324e-06  
  13.500     1.118e-03     1.084e-03     1.046e-03     1.004e-03     9.579e-04     9.058e-04     8.465e-04     7.780e-04     6.986e-04     6.064e-04     5.004e-04     3.822e-04     2.579e-04     1.416e-04     5.720e-05     1.639e-05     3.419e-06  
  14.000     9.297e-04     8.951e-04     8.575e-04     8.162e-04     7.704e-04     7.194e-04     6.620e-04     5.972e-04     5.241e-04     4.428e-04     3.539e-04     2.583e-04     1.611e-04     7.760e-05     2.672e-05     6.587e-06     1.194e-06  
  14.500     7.699e-04     7.336e-04     6.942e-04     6.514e-04     6.048e-04     5.542e-04     4.994e-04     4.413e-04     3.806e-04     3.163e-04     2.459e-04     1.696e-04     9.558e-05     3.985e-05     1.177e-05     2.523e-06     3.988e-07  
  15.000     6.264e-04     5.859e-04     5.428e-04     4.974e-04     4.510e-04     4.053e-04     3.621e-04     3.201e-04     2.756e-04     2.251e-04     1.678e-04     1.073e-04     5.367e-05     1.929e-05     4.931e-06     9.250e-07     1.274e-07  
  15.500     4.847e-04     4.382e-04     3.932e-04     3.534e-04     3.209e-04     2.934e-04     2.662e-04     2.358e-04     2.000e-04     1.581e-04     1.114e-04     6.501e-05     2.851e-05     8.847e-06     1.974e-06     3.251e-07     3.895e-08  
  16.000     3.345e-04     2.970e-04     2.719e-04     2.539e-04     2.376e-04     2.199e-04     1.988e-04     1.735e-04     1.434e-04     1.087e-04     7.158e-05     3.760e-05     1.435e-05     3.864e-06     7.578e-07     1.096e-07     1.140e-08  
  16.500     2.236e-04     2.121e-04     2.025e-04     1.923e-04     1.802e-04     1.656e-04     1.477e-04     1.262e-04     1.011e-04     7.289e-05     4.434e-05     2.070e-05     6.856e-06     1.615e-06     2.794e-07     3.551e-08     3.192e-09  
  17.000     1.677e-04     1.619e-04     1.550e-04     1.466e-04     1.363e-04     1.238e-04     1.086e-04     9.057e-05     6.985e-05     4.753e-05     2.639e-05     1.084e-05     3.122e-06     6.474e-07     9.910e-08     1.104e-08     8.542e-10  
  17.500     1.290e-04     1.243e-04     1.184e-04     1.112e-04     1.023e-04     9.165e-05     7.887e-05     6.396e-05     4.727e-05     3.005e-05     1.503e-05     5.395e-06     1.360e-06     2.496e-07     3.381e-08     3.293e-09     2.175e-10  
  18.000     9.903e-05     9.491e-05     8.985e-05     8.365e-05     7.615e-05     6.715e-05     5.654e-05     4.439e-05     3.121e-05     1.834e-05     8.175e-06     2.560e-06     5.680e-07     9.259e-08     1.109e-08     9.412e-10     5.177e-11  
  18.500     7.560e-05     7.205e-05     6.771e-05     6.245e-05     5.613e-05     4.865e-05     3.996e-05     3.025e-05     2.007e-05     1.077e-05     4.236e-06     1.161e-06     2.281e-07     3.309e-08     3.499e-09     2.567e-10     1.046e-11  
  19.000     5.738e-05     5.434e-05     5.066e-05     4.623e-05     4.097e-05     3.483e-05     2.782e-05     2.017e-05     1.252e-05     6.067e-06     2.095e-06     5.044e-07     8.820e-08     1.139e-08     1.060e-09     6.579e-11     5.155e-13  
  19.500     4.328e-05     4.071e-05     3.761e-05     3.393e-05     2.960e-05     2.462e-05     1.904e-05     1.314e-05     7.554e-06     3.271e-06     9.891e-07     2.106e-07     3.287e-08     3.778e-09     3.073e-10     1.463e-11     0.000e+00  
  20.000     3.244e-05     3.028e-05     2.770e-05     2.467e-05     2.115e-05     1.716e-05     1.280e-05     8.347e-06     4.391e-06     1.683e-06     4.468e-07     8.460e-08     1.181e-08     1.205e-09     8.398e-11     1.318e-12     0.000e+00  
  20.500     2.416e-05     2.235e-05     2.023e-05     1.776e-05     1.494e-05     1.178e-05     8.429e-06     5.148e-06     2.451e-06     8.275e-07     1.935e-07     3.273e-08     4.089e-09     3.680e-10     2.015e-11     0.000e+00     0.000e+00  
  21.000     1.786e-05     1.638e-05     1.465e-05     1.266e-05     1.041e-05     7.962e-06     5.424e-06     3.073e-06     1.311e-06     3.884e-07     8.050e-08     1.220e-08     1.363e-09     1.072e-10     3.533e-12     0.000e+00     0.000e+00  
  21.500     1.312e-05     1.190e-05     1.051e-05     8.922e-06     7.161e-06     5.279e-06     3.402e-06     1.768e-06     6.688e-07     1.742e-07     3.217e-08     4.376e-09     4.350e-10     2.821e-11     0.000e+00     0.000e+00     0.000e+00  
  22.000     9.556e-06     8.578e-06     7.463e-06     6.214e-06     4.851e-06     3.429e-06     2.072e-06     9.768e-07     3.253e-07     7.472e-08     1.235e-08     1.507e-09     1.315e-10     5.117e-12     0.000e+00     0.000e+00     0.000e+00  
  22.500     6.908e-06     6.125e-06     5.243e-06     4.269e-06     3.229e-06     2.175e-06     1.221e-06     5.150e-07     1.506e-07     3.064e-08     4.544e-09     4.969e-10     3.700e-11     0.000e+00     0.000e+00     0.000e+00     0.000e+00  
  23.000     4.951e-06     4.330e-06     3.640e-06     2.891e-06     2.108e-06     1.343e-06     6.906e-07     2.585e-07     6.630e-08     1.200e-08     1.599e-09     1.548e-10     7.969e-12     0.000e+00     0.000e+00     0.000e+00     0.000e+00  
  23.500     3.515e-06     3.029e-06     2.495e-06     1.925e-06     1.345e-06     8.031e-07     3.740e-07     1.229e-07     2.770e-08     4.482e-09     5.360e-10     4.486e-11     3.244e-13     0.000e+00     0.000e+00     0.000e+00     0.000e+00  
  24.000     2.471e-06     2.093e-06     1.685e-06     1.258e-06     8.363e-07     4.620e-07     1.920e-07     5.512e-08     1.096e-08     1.589e-09     1.687e-10     1.036e-11     0.000e+00     0.000e+00     0.000e+00     0.000e+00     0.000e+00  
  24.500     1.718e-06     1.427e-06     1.119e-06     8.032e-07     5.034e-07     2.540e-07     9.293e-08     2.323e-08     4.094e-09     5.312e-10     4.899e-11     9.216e-13     0.000e+00     0.000e+00     0.000e+00     0.000e+00     0.000e+00  
  25.000     1.179e-06     9.582e-07     7.280e-07     4.991e-07     2.913e-07     1.320e-07     4.203e-08     9.156e-09     1.433e-09     1.647e-10     1.126e-11     0.000e+00     0.000e+00     0.000e+00     0.000e+00     0.000e+00     0.000e+00  
