# eps=0.9: maximum star formation efficiency for FFB
# -----
# z, rho_star[<MUV] [Msun cMpc^-3]
# 
       z   rho(<-12.0)   rho(<-12.5)   rho(<-13.0)   rho(<-13.5)   rho(<-14.0)   rho(<-14.5)   rho(<-15.0)   rho(<-15.5)   rho(<-16.0)   rho(<-16.5)   rho(<-17.0)   rho(<-17.5)   rho(<-18.0)   rho(<-18.5)   rho(<-19.0)   rho(<-19.5)   rho(<-20.0)   rho(<-20.5)   rho(<-21.0)   rho(<-21.5)   rho(<-22.0)  
   4.000     2.241e+07     2.238e+07     2.235e+07     2.231e+07     2.226e+07     2.220e+07     2.212e+07     2.203e+07     2.191e+07     2.176e+07     2.158e+07     2.136e+07     2.110e+07     2.078e+07     2.040e+07     1.995e+07     1.943e+07     1.882e+07     1.812e+07     1.732e+07     1.643e+07  
   4.500     1.796e+07     1.793e+07     1.789e+07     1.785e+07     1.779e+07     1.772e+07     1.764e+07     1.754e+07     1.741e+07     1.726e+07     1.708e+07     1.687e+07     1.661e+07     1.631e+07     1.596e+07     1.556e+07     1.510e+07     1.457e+07     1.398e+07     1.332e+07     1.260e+07  
   5.000     1.445e+07     1.442e+07     1.438e+07     1.433e+07     1.427e+07     1.420e+07     1.411e+07     1.401e+07     1.388e+07     1.373e+07     1.356e+07     1.335e+07     1.311e+07     1.284e+07     1.253e+07     1.217e+07     1.177e+07     1.133e+07     1.083e+07     1.029e+07     9.691e+06  
   5.500     1.167e+07     1.164e+07     1.160e+07     1.154e+07     1.148e+07     1.141e+07     1.132e+07     1.122e+07     1.109e+07     1.095e+07     1.079e+07     1.060e+07     1.038e+07     1.014e+07     9.868e+06     9.562e+06     9.223e+06     8.847e+06     8.433e+06     7.976e+06     7.474e+06  
   6.000     9.424e+06     9.387e+06     9.343e+06     9.291e+06     9.229e+06     9.156e+06     9.071e+06     8.973e+06     8.859e+06     8.728e+06     8.580e+06     8.412e+06     8.223e+06     8.012e+06     7.778e+06     7.518e+06     7.231e+06     6.914e+06     6.563e+06     6.176e+06     5.747e+06  
   6.500     8.153e+06     8.112e+06     8.064e+06     8.008e+06     7.944e+06     7.870e+06     7.785e+06     7.688e+06     7.578e+06     7.454e+06     7.315e+06     7.159e+06     6.986e+06     6.794e+06     6.580e+06     6.344e+06     6.082e+06     5.792e+06     5.469e+06     5.109e+06     4.707e+06  
   7.000     6.532e+06     6.493e+06     6.449e+06     6.398e+06     6.339e+06     6.272e+06     6.196e+06     6.110e+06     6.014e+06     5.906e+06     5.787e+06     5.654e+06     5.506e+06     5.343e+06     5.163e+06     4.962e+06     4.738e+06     4.489e+06     4.211e+06     3.899e+06     3.550e+06  
   7.500     5.203e+06     5.168e+06     5.128e+06     5.082e+06     5.029e+06     4.971e+06     4.904e+06     4.830e+06     4.748e+06     4.656e+06     4.555e+06     4.443e+06     4.319e+06     4.181e+06     4.028e+06     3.857e+06     3.666e+06     3.452e+06     3.212e+06     2.942e+06     2.640e+06  
   8.000     4.120e+06     4.089e+06     4.053e+06     4.013e+06     3.968e+06     3.917e+06     3.861e+06     3.798e+06     3.729e+06     3.652e+06     3.567e+06     3.473e+06     3.369e+06     3.252e+06     3.123e+06     2.977e+06     2.814e+06     2.630e+06     2.422e+06     2.190e+06     1.930e+06  
   8.500     3.244e+06     3.217e+06     3.187e+06     3.152e+06     3.114e+06     3.071e+06     3.024e+06     2.972e+06     2.914e+06     2.850e+06     2.779e+06     2.700e+06     2.613e+06     2.515e+06     2.405e+06     2.281e+06     2.141e+06     1.983e+06     1.805e+06     1.606e+06     1.386e+06  
   9.000     2.543e+06     2.520e+06     2.494e+06     2.465e+06     2.433e+06     2.397e+06     2.358e+06     2.315e+06     2.267e+06     2.214e+06     2.155e+06     2.089e+06     2.015e+06     1.932e+06     1.839e+06     1.733e+06     1.614e+06     1.479e+06     1.328e+06     1.159e+06     9.749e+05  
   9.500     1.985e+06     1.965e+06     1.944e+06     1.920e+06     1.893e+06     1.864e+06     1.832e+06     1.796e+06     1.756e+06     1.712e+06     1.663e+06     1.608e+06     1.546e+06     1.476e+06     1.396e+06     1.307e+06     1.205e+06     1.091e+06     9.633e+05     8.225e+05     6.710e+05  
  10.000     1.543e+06     1.527e+06     1.509e+06     1.490e+06     1.468e+06     1.444e+06     1.417e+06     1.388e+06     1.355e+06     1.318e+06     1.277e+06     1.231e+06     1.179e+06     1.119e+06     1.052e+06     9.764e+05     8.908e+05     7.948e+05     6.884e+05     5.726e+05     4.507e+05  
  10.500     1.196e+06     1.183e+06     1.168e+06     1.152e+06     1.134e+06     1.114e+06     1.093e+06     1.068e+06     1.041e+06     1.010e+06     9.758e+05     9.369e+05     8.929e+05     8.430e+05     7.865e+05     7.228e+05     6.511e+05     5.713e+05     4.837e+05     3.902e+05     2.945e+05  
  11.000     9.245e+05     9.136e+05     9.015e+05     8.882e+05     8.735e+05     8.572e+05     8.390e+05     8.188e+05     7.961e+05     7.705e+05     7.417e+05     7.090e+05     6.721e+05     6.302e+05     5.829e+05     5.297e+05     4.703e+05     4.046e+05     3.337e+05     2.597e+05     1.866e+05  
  11.500     7.126e+05     7.036e+05     6.937e+05     6.827e+05     6.706e+05     6.571e+05     6.420e+05     6.251e+05     6.062e+05     5.848e+05     5.607e+05     5.334e+05     5.025e+05     4.675e+05     4.282e+05     3.842e+05     3.354e+05     2.821e+05     2.256e+05     1.683e+05     1.142e+05  
  12.000     5.480e+05     5.406e+05     5.324e+05     5.233e+05     5.132e+05     5.019e+05     4.894e+05     4.753e+05     4.595e+05     4.417e+05     4.215e+05     3.987e+05     3.730e+05     3.440e+05     3.115e+05     2.755e+05     2.358e+05     1.932e+05     1.490e+05     1.058e+05     6.716e+04  
  12.500     4.206e+05     4.143e+05     4.075e+05     3.999e+05     3.914e+05     3.821e+05     3.716e+05     3.598e+05     3.466e+05     3.317e+05     3.149e+05     2.960e+05     2.747e+05     2.509e+05     2.243e+05     1.950e+05     1.632e+05     1.297e+05     9.585e+04     6.420e+04     3.771e+04  
  13.000     3.220e+05     3.167e+05     3.110e+05     3.046e+05     2.975e+05     2.896e+05     2.809e+05     2.710e+05     2.600e+05     2.476e+05     2.337e+05     2.181e+05     2.006e+05     1.811e+05     1.595e+05     1.360e+05     1.109e+05     8.495e+04     5.971e+04     3.736e+04     2.009e+04  
  13.500     2.459e+05     2.415e+05     2.366e+05     2.311e+05     2.252e+05     2.186e+05     2.112e+05     2.030e+05     1.938e+05     1.835e+05     1.720e+05     1.592e+05     1.449e+05     1.292e+05     1.119e+05     9.326e+04     7.369e+04     5.405e+04     3.581e+04     2.072e+04     1.012e+04  
  14.000     1.873e+05     1.834e+05     1.792e+05     1.746e+05     1.696e+05     1.640e+05     1.578e+05     1.509e+05     1.433e+05     1.348e+05     1.254e+05     1.150e+05     1.035e+05     9.084e+04     7.715e+04     6.261e+04     4.767e+04     3.323e+04     2.058e+04     1.094e+04     4.843e+03  
  14.500     1.422e+05     1.388e+05     1.352e+05     1.312e+05     1.269e+05     1.221e+05     1.169e+05     1.112e+05     1.049e+05     9.801e+04     9.038e+04     8.199e+04     7.282e+04     6.285e+04     5.217e+04     4.103e+04     2.993e+04     1.971e+04     1.135e+04     5.534e+03     2.229e+03  
  15.000     1.075e+05     1.045e+05     1.013e+05     9.789e+04     9.418e+04     9.016e+04     8.582e+04     8.110e+04     7.598e+04     7.039e+04     6.430e+04     5.766e+04     5.046e+04     4.272e+04     3.456e+04     2.624e+04     1.826e+04     1.131e+04     6.049e+03     2.714e+03     1.001e+03  
  15.500     8.082e+04     7.816e+04     7.534e+04     7.234e+04     6.916e+04     6.579e+04     6.221e+04     5.840e+04     5.431e+04     4.991e+04     4.514e+04     3.999e+04     3.445e+04     2.856e+04     2.246e+04     1.641e+04     1.087e+04     6.328e+03     3.146e+03     1.303e+03     4.424e+02  
  16.000     6.026e+04     5.785e+04     5.534e+04     5.275e+04     5.009e+04     4.734e+04     4.450e+04     4.152e+04     3.836e+04     3.497e+04     3.133e+04     2.741e+04     2.322e+04     1.882e+04     1.436e+04     1.009e+04     6.343e+03     3.469e+03     1.605e+03     6.151e+02     1.930e+02  
  16.500     4.433e+04     4.216e+04     3.998e+04     3.784e+04     3.572e+04     3.360e+04     3.145e+04     2.921e+04     2.684e+04     2.430e+04     2.156e+04     1.862e+04     1.550e+04     1.227e+04     9.065e+03     6.105e+03     3.641e+03     1.869e+03     8.051e+02     2.859e+02     8.300e+01  
  17.000     3.195e+04     3.008e+04     2.833e+04     2.670e+04     2.515e+04     2.363e+04     2.207e+04     2.044e+04     1.869e+04     1.679e+04     1.475e+04     1.256e+04     1.026e+04     7.917e+03     5.656e+03     3.645e+03     2.058e+03     9.902e+02     3.970e+02     1.307e+02     3.513e+01  
  17.500     2.244e+04     2.102e+04     1.979e+04     1.868e+04     1.762e+04     1.657e+04     1.546e+04     1.426e+04     1.297e+04     1.156e+04     1.003e+04     8.418e+03     6.740e+03     5.062e+03     3.488e+03     2.145e+03     1.144e+03     5.152e+02     1.922e+02     5.868e+01     1.461e+01  
  18.000     1.545e+04     1.454e+04     1.378e+04     1.307e+04     1.236e+04     1.162e+04     1.081e+04     9.930e+03     8.966e+03     7.919e+03     6.794e+03     5.609e+03     4.393e+03     3.204e+03     2.123e+03     1.242e+03     6.243e+02     2.628e+02     9.115e+01     2.581e+01     5.955e+00  
  18.500     1.062e+04     1.011e+04     9.644e+03     9.180e+03     8.685e+03     8.144e+03     7.549e+03     6.894e+03     6.178e+03     5.403e+03     4.576e+03     3.711e+03     2.838e+03     2.004e+03     1.273e+03     7.071e+02     3.340e+02     1.313e+02     4.231e+01     1.111e+01     2.378e+00  
  19.000     7.385e+03     7.088e+03     6.785e+03     6.458e+03     6.098e+03     5.699e+03     5.257e+03     4.771e+03     4.240e+03     3.669e+03     3.062e+03     2.436e+03     1.814e+03     1.237e+03     7.510e+02     3.947e+02     1.750e+02     6.412e+01     1.920e+01     4.681e+00     9.299e-01  
  19.500     5.189e+03     4.993e+03     4.778e+03     4.539e+03     4.273e+03     3.977e+03     3.648e+03     3.288e+03     2.896e+03     2.476e+03     2.034e+03     1.583e+03     1.145e+03     7.515e+02     4.349e+02     2.158e+02     8.960e+01     3.060e+01     8.517e+00     1.928e+00     3.558e-01  
  20.000     3.657e+03     3.517e+03     3.359e+03     3.182e+03     2.985e+03     2.764e+03     2.521e+03     2.254e+03     1.966e+03     1.658e+03     1.338e+03     1.017e+03     7.128e+02     4.489e+02     2.469e+02     1.154e+02     4.482e+01     1.426e+01     3.688e+00     7.760e-01     1.331e-01  
  20.500     2.575e+03     2.471e+03     2.354e+03     2.223e+03     2.076e+03     1.912e+03     1.732e+03     1.536e+03     1.324e+03     1.101e+03     8.709e+02     6.448e+02     4.366e+02     2.632e+02     1.372e+02     6.028e+01     2.187e+01     6.477e+00     1.558e+00     3.050e-01     4.866e-02  
  21.000     1.806e+03     1.730e+03     1.643e+03     1.545e+03     1.436e+03     1.315e+03     1.182e+03     1.038e+03     8.842e+02     7.231e+02     5.600e+02     4.029e+02     2.628e+02     1.512e+02     7.451e+01     3.071e+01     1.040e+01     2.868e+00     6.419e-01     1.169e-01     1.737e-02  
  21.500     1.262e+03     1.205e+03     1.140e+03     1.068e+03     9.871e+02     8.980e+02     8.006e+02     6.957e+02     5.845e+02     4.696e+02     3.552e+02     2.477e+02     1.552e+02     8.491e+01     3.947e+01     1.524e+01     4.815e+00     1.236e+00     2.574e-01     4.364e-02     6.027e-03  
  22.000     8.763e+02     8.339e+02     7.861e+02     7.327e+02     6.733e+02     6.081e+02     5.373e+02     4.616e+02     3.821e+02     3.010e+02     2.218e+02     1.495e+02     8.970e+01     4.656e+01     2.037e+01     7.354e+00     2.165e+00     5.171e-01     1.003e-01     1.583e-02     2.027e-03  
  22.500     6.044e+02     5.731e+02     5.379e+02     4.986e+02     4.553e+02     4.080e+02     3.569e+02     3.028e+02     2.466e+02     1.901e+02     1.361e+02     8.842e+01     5.064e+01     2.487e+01     1.021e+01     3.443e+00     9.438e-01     2.098e-01     3.789e-02     5.566e-03     6.610e-04  
  23.000     4.136e+02     3.906e+02     3.648e+02     3.362e+02     3.049e+02     2.709e+02     2.344e+02     1.961e+02     1.568e+02     1.181e+02     8.195e+01     5.112e+01     2.785e+01     1.290e+01     4.959e+00     1.559e+00     3.977e-01     8.227e-02     1.382e-02     1.882e-03     2.051e-04  
  23.500     2.804e+02     2.636e+02     2.450e+02     2.244e+02     2.019e+02     1.777e+02     1.520e+02     1.252e+02     9.815e+01     7.196e+01     4.825e+01     2.880e+01     1.488e+01     6.476e+00     2.326e+00     6.808e-01     1.615e-01     3.106e-02     4.852e-03     6.120e-04     6.114e-05  
  24.000     1.882e+02     1.761e+02     1.627e+02     1.480e+02     1.320e+02     1.150e+02     9.708e+01     7.864e+01     6.028e+01     4.291e+01     2.770e+01     1.576e+01     7.688e+00     3.135e+00     1.049e+00     2.854e-01     6.287e-02     1.123e-02     1.622e-03     1.873e-04     1.676e-05  
  24.500     1.248e+02     1.161e+02     1.066e+02     9.629e+01     8.514e+01     7.331e+01     6.098e+01     4.846e+01     3.623e+01     2.496e+01     1.544e+01     8.339e+00     3.825e+00     1.456e+00     4.530e-01     1.143e-01     2.335e-02     3.865e-03     5.155e-04     5.431e-05     4.355e-06  
  25.000     8.164e+01     7.555e+01     6.889e+01     6.169e+01     5.400e+01     4.590e+01     3.756e+01     2.921e+01     2.123e+01     1.409e+01     8.315e+00     4.241e+00     1.821e+00     6.446e-01     1.858e-01     4.336e-02     8.188e-03     1.248e-03     1.513e-04     1.416e-05     9.777e-07  
