# eps=0.3: maximum star formation efficiency for FFB
# -----
# z, rho_star[<MUV] [Msun cMpc^-3]
# 
       z   rho(<-15.0)   rho(<-15.5)   rho(<-16.0)   rho(<-16.5)   rho(<-17.0)   rho(<-17.5)   rho(<-18.0)   rho(<-18.5)   rho(<-19.0)   rho(<-19.5)   rho(<-20.0)   rho(<-20.5)   rho(<-21.0)  
   5.000     7.530e+06     7.427e+06     7.305e+06     7.160e+06     6.991e+06     6.795e+06     6.570e+06     6.314e+06     6.025e+06     5.705e+06     5.353e+06     4.972e+06     4.564e+06  
   5.500     5.748e+06     5.647e+06     5.529e+06     5.392e+06     5.235e+06     5.057e+06     4.858e+06     4.636e+06     4.392e+06     4.128e+06     3.844e+06     3.543e+06     3.227e+06  
   6.000     4.414e+06     4.318e+06     4.209e+06     4.084e+06     3.944e+06     3.789e+06     3.619e+06     3.433e+06     3.233e+06     3.020e+06     2.796e+06     2.560e+06     2.315e+06  
   6.500     3.647e+06     3.553e+06     3.449e+06     3.332e+06     3.204e+06     3.064e+06     2.913e+06     2.751e+06     2.579e+06     2.397e+06     2.206e+06     2.007e+06     1.798e+06  
   7.000     2.802e+06     2.720e+06     2.630e+06     2.531e+06     2.423e+06     2.308e+06     2.185e+06     2.055e+06     1.918e+06     1.774e+06     1.623e+06     1.465e+06     1.299e+06  
   7.500     2.144e+06     2.075e+06     1.999e+06     1.918e+06     1.830e+06     1.737e+06     1.639e+06     1.536e+06     1.427e+06     1.313e+06     1.193e+06     1.066e+06     9.326e+05  
   8.000     1.635e+06     1.578e+06     1.516e+06     1.450e+06     1.380e+06     1.306e+06     1.228e+06     1.146e+06     1.060e+06     9.693e+05     8.730e+05     7.709e+05     6.627e+05  
   8.500     1.243e+06     1.196e+06     1.147e+06     1.094e+06     1.039e+06     9.802e+05     9.187e+05     8.539e+05     7.853e+05     7.123e+05     6.347e+05     5.519e+05     4.644e+05  
   9.000     9.428e+05     9.056e+05     8.662e+05     8.246e+05     7.808e+05     7.346e+05     6.859e+05     6.342e+05     5.792e+05     5.203e+05     4.574e+05     3.904e+05     3.200e+05  
   9.500     7.142e+05     6.847e+05     6.536e+05     6.207e+05     5.861e+05     5.496e+05     5.107e+05     4.692e+05     4.248e+05     3.772e+05     3.262e+05     2.722e+05     2.163e+05  
  10.000     5.406e+05     5.173e+05     4.927e+05     4.667e+05     4.393e+05     4.101e+05     3.789e+05     3.455e+05     3.095e+05     2.710e+05     2.298e+05     1.867e+05     1.430e+05  
  10.500     4.089e+05     3.905e+05     3.710e+05     3.503e+05     3.284e+05     3.050e+05     2.798e+05     2.528e+05     2.238e+05     1.926e+05     1.597e+05     1.257e+05     9.220e+04  
  11.000     3.092e+05     2.945e+05     2.789e+05     2.624e+05     2.448e+05     2.259e+05     2.056e+05     1.837e+05     1.603e+05     1.353e+05     1.092e+05     8.286e+04     5.787e+04  
  11.500     2.336e+05     2.219e+05     2.094e+05     1.961e+05     1.819e+05     1.666e+05     1.502e+05     1.325e+05     1.136e+05     9.377e+04     7.336e+04     5.339e+04     3.525e+04  
  12.000     1.764e+05     1.669e+05     1.568e+05     1.460e+05     1.345e+05     1.221e+05     1.089e+05     9.469e+04     7.965e+04     6.401e+04     4.832e+04     3.350e+04     2.073e+04  
  12.500     1.329e+05     1.252e+05     1.170e+05     1.083e+05     9.893e+04     8.894e+04     7.826e+04     6.692e+04     5.504e+04     4.290e+04     3.106e+04     2.033e+04     1.165e+04  
  13.000     9.990e+04     9.357e+04     8.688e+04     7.977e+04     7.221e+04     6.416e+04     5.562e+04     4.664e+04     3.736e+04     2.808e+04     1.933e+04     1.181e+04     6.184e+03  
  13.500     7.467e+04     6.947e+04     6.400e+04     5.823e+04     5.213e+04     4.569e+04     3.892e+04     3.189e+04     2.475e+04     1.780e+04     1.152e+04     6.486e+03     3.067e+03  
  14.000     5.534e+04     5.107e+04     4.660e+04     4.194e+04     3.707e+04     3.198e+04     2.669e+04     2.127e+04     1.587e+04     1.081e+04     6.511e+03     3.349e+03     1.427e+03  
  14.500     4.050e+04     3.699e+04     3.339e+04     2.968e+04     2.585e+04     2.189e+04     1.783e+04     1.374e+04     9.798e+03     6.278e+03     3.499e+03     1.644e+03     6.352e+02  
  15.000     2.911e+04     2.628e+04     2.344e+04     2.056e+04     1.762e+04     1.463e+04     1.159e+04     8.607e+03     5.838e+03     3.510e+03     1.812e+03     7.816e+02     2.764e+02  
  15.500     2.045e+04     1.826e+04     1.610e+04     1.395e+04     1.177e+04     9.565e+03     7.367e+03     5.262e+03     3.392e+03     1.913e+03     9.172e+02     3.651e+02     1.190e+02  
  16.000     1.403e+04     1.243e+04     1.087e+04     9.322e+03     7.753e+03     6.171e+03     4.615e+03     3.166e+03     1.937e+03     1.025e+03     4.572e+02     1.684e+02     5.073e+01  
  16.500     9.476e+03     8.377e+03     7.293e+03     6.195e+03     5.076e+03     3.952e+03     2.864e+03     1.883e+03     1.092e+03     5.418e+02     2.248e+02     7.675e+01     2.139e+01  
  17.000     6.392e+03     5.649e+03     4.892e+03     4.112e+03     3.313e+03     2.516e+03     1.762e+03     1.108e+03     6.070e+02     2.821e+02     1.089e+02     3.446e+01     8.896e+00  
  17.500     4.340e+03     3.824e+03     3.286e+03     2.726e+03     2.154e+03     1.591e+03     1.074e+03     6.432e+02     3.324e+02     1.445e+02     5.184e+01     1.521e+01     3.637e+00  
  18.000     2.962e+03     2.594e+03     2.205e+03     1.801e+03     1.392e+03     9.977e+02     6.464e+02     3.679e+02     1.789e+02     7.257e+01     2.420e+01     6.583e+00     1.459e+00  
  18.500     2.025e+03     1.758e+03     1.476e+03     1.184e+03     8.926e+02     6.186e+02     3.836e+02     2.068e+02     9.437e+01     3.571e+01     1.106e+01     2.791e+00     5.740e-01  
  19.000     1.383e+03     1.188e+03     9.827e+02     7.725e+02     5.665e+02     3.783e+02     2.238e+02     1.140e+02     4.875e+01     1.719e+01     4.946e+00     1.158e+00     2.211e-01  
  19.500     9.408e+02     7.983e+02     6.495e+02     4.991e+02     3.550e+02     2.278e+02     1.282e+02     6.155e+01     2.463e+01     8.085e+00     2.161e+00     4.701e-01     8.338e-02  
  20.000     6.364e+02     5.326e+02     4.254e+02     3.188e+02     2.193e+02     1.348e+02     7.197e+01     3.249e+01     1.215e+01     3.713e+00     9.226e-01     1.865e-01     3.076e-02  
