# eps=0.1: maximum star formation efficiency for FFB
# -----
# z, rho_star[<MUV] [Msun cMpc^-3]
# 
       z   rho(<-12.0)   rho(<-12.5)   rho(<-13.0)   rho(<-13.5)   rho(<-14.0)   rho(<-14.5)   rho(<-15.0)   rho(<-15.5)   rho(<-16.0)   rho(<-16.5)   rho(<-17.0)   rho(<-17.5)   rho(<-18.0)   rho(<-18.5)   rho(<-19.0)   rho(<-19.5)   rho(<-20.0)   rho(<-20.5)   rho(<-21.0)   rho(<-21.5)   rho(<-22.0)  
   4.000     1.128e+07     1.125e+07     1.122e+07     1.118e+07     1.113e+07     1.107e+07     1.100e+07     1.090e+07     1.079e+07     1.064e+07     1.047e+07     1.026e+07     1.001e+07     9.705e+06     9.347e+06     8.927e+06     8.441e+06     7.884e+06     7.255e+06     6.556e+06     5.793e+06  
   4.500     7.934e+06     7.905e+06     7.869e+06     7.824e+06     7.769e+06     7.702e+06     7.620e+06     7.520e+06     7.399e+06     7.253e+06     7.080e+06     6.874e+06     6.633e+06     6.352e+06     6.030e+06     5.663e+06     5.251e+06     4.796e+06     4.301e+06     3.773e+06     3.221e+06  
   5.000     5.759e+06     5.727e+06     5.687e+06     5.638e+06     5.579e+06     5.508e+06     5.422e+06     5.319e+06     5.198e+06     5.055e+06     4.888e+06     4.695e+06     4.474e+06     4.224e+06     3.944e+06     3.635e+06     3.300e+06     2.943e+06     2.567e+06     2.181e+06     1.793e+06  
   5.500     4.278e+06     4.243e+06     4.200e+06     4.149e+06     4.088e+06     4.015e+06     3.930e+06     3.829e+06     3.712e+06     3.577e+06     3.423e+06     3.248e+06     3.054e+06     2.840e+06     2.607e+06     2.357e+06     2.095e+06     1.823e+06     1.547e+06     1.272e+06     1.005e+06  
   6.000     3.222e+06     3.186e+06     3.142e+06     3.091e+06     3.030e+06     2.959e+06     2.877e+06     2.782e+06     2.673e+06     2.551e+06     2.414e+06     2.263e+06     2.099e+06     1.922e+06     1.736e+06     1.541e+06     1.342e+06     1.141e+06     9.420e+05     7.493e+05     5.674e+05  
   6.500     2.632e+06     2.591e+06     2.544e+06     2.489e+06     2.426e+06     2.354e+06     2.272e+06     2.180e+06     2.077e+06     1.963e+06     1.839e+06     1.704e+06     1.561e+06     1.410e+06     1.254e+06     1.095e+06     9.358e+05     7.780e+05     6.247e+05     4.789e+05     3.450e+05  
   7.000     1.998e+06     1.960e+06     1.916e+06     1.866e+06     1.808e+06     1.744e+06     1.671e+06     1.591e+06     1.503e+06     1.407e+06     1.304e+06     1.195e+06     1.081e+06     9.646e+05     8.460e+05     7.274e+05     6.103e+05     4.962e+05     3.870e+05     2.852e+05     1.946e+05  
   7.500     1.513e+06     1.478e+06     1.438e+06     1.394e+06     1.343e+06     1.287e+06     1.225e+06     1.157e+06     1.083e+06     1.005e+06     9.228e+05     8.373e+05     7.497e+05     6.611e+05     5.726e+05     4.852e+05     3.999e+05     3.175e+05     2.397e+05     1.688e+05     1.084e+05  
   8.000     1.140e+06     1.110e+06     1.075e+06     1.036e+06     9.927e+05     9.451e+05     8.933e+05     8.376e+05     7.785e+05     7.164e+05     6.522e+05     5.865e+05     5.203e+05     4.542e+05     3.888e+05     3.247e+05     2.624e+05     2.028e+05     1.474e+05     9.857e+04     5.909e+04  
   8.500     8.560e+05     8.294e+05     7.997e+05     7.667e+05     7.306e+05     6.914e+05     6.493e+05     6.047e+05     5.581e+05     5.100e+05     4.608e+05     4.113e+05     3.618e+05     3.127e+05     2.645e+05     2.173e+05     1.717e+05     1.285e+05     8.938e+04     5.635e+04     3.140e+04  
   9.000     6.402e+05     6.177e+05     5.929e+05     5.656e+05     5.361e+05     5.045e+05     4.711e+05     4.361e+05     4.001e+05     3.633e+05     3.261e+05     2.890e+05     2.522e+05     2.158e+05     1.801e+05     1.452e+05     1.116e+05     8.049e+04     5.320e+04     3.146e+04     1.626e+04  
   9.500     4.780e+05     4.593e+05     4.389e+05     4.168e+05     3.931e+05     3.681e+05     3.419e+05     3.149e+05     2.873e+05     2.594e+05     2.315e+05     2.038e+05     1.763e+05     1.492e+05     1.225e+05     9.653e+04     7.192e+04     4.967e+04     3.107e+04     1.720e+04     8.263e+03  
  10.000     3.569e+05     3.416e+05     3.251e+05     3.074e+05     2.886e+05     2.690e+05     2.487e+05     2.280e+05     2.070e+05     1.860e+05     1.650e+05     1.441e+05     1.235e+05     1.031e+05     8.306e+04     6.377e+04     4.583e+04     3.020e+04     1.784e+04     9.250e+03     4.140e+03  
  10.500     2.670e+05     2.547e+05     2.414e+05     2.273e+05     2.126e+05     1.973e+05     1.817e+05     1.658e+05     1.498e+05     1.339e+05     1.180e+05     1.022e+05     8.660e+04     7.116e+04     5.610e+04     4.180e+04     2.889e+04     1.813e+04     1.011e+04     4.906e+03     2.036e+03  
  11.000     2.006e+05     1.906e+05     1.800e+05     1.689e+05     1.573e+05     1.455e+05     1.334e+05     1.212e+05     1.090e+05     9.680e+04     8.469e+04     7.265e+04     6.073e+04     4.900e+04     3.769e+04     2.719e+04     1.803e+04     1.075e+04     5.643e+03     2.544e+03     9.612e+02  
  11.500     1.515e+05     1.435e+05     1.350e+05     1.262e+05     1.171e+05     1.079e+05     9.846e+04     8.903e+04     7.962e+04     7.024e+04     6.092e+04     5.167e+04     4.253e+04     3.363e+04     2.518e+04     1.754e+04     1.113e+04     6.279e+03     3.066e+03     1.258e+03     4.206e+02  
  12.000     1.152e+05     1.088e+05     1.020e+05     9.494e+04     8.774e+04     8.042e+04     7.306e+04     6.569e+04     5.835e+04     5.106e+04     4.383e+04     3.669e+04     2.969e+04     2.295e+04     1.668e+04     1.118e+04     6.741e+03     3.549e+03     1.578e+03     5.725e+02     1.648e+02  
  12.500     8.829e+04     8.301e+04     7.751e+04     7.184e+04     6.607e+04     6.024e+04     5.440e+04     4.858e+04     4.280e+04     3.709e+04     3.145e+04     2.593e+04     2.057e+04     1.550e+04     1.089e+04     6.960e+03     3.925e+03     1.884e+03     7.418e+02     2.324e+02     5.689e+01  
  13.000     6.811e+04     6.375e+04     5.924e+04     5.461e+04     4.992e+04     4.520e+04     4.051e+04     3.586e+04     3.128e+04     2.678e+04     2.238e+04     1.812e+04     1.405e+04     1.026e+04     6.895e+03     4.134e+03     2.130e+03     9.086e+02     3.107e+02     8.357e+01     1.762e+01  
  13.500     5.285e+04     4.919e+04     4.542e+04     4.157e+04     3.770e+04     3.383e+04     3.001e+04     2.627e+04     2.262e+04     1.908e+04     1.567e+04     1.241e+04     9.341e+03     6.540e+03     4.134e+03     2.274e+03     1.048e+03     3.921e+02     1.166e+02     2.740e+01     5.144e+00  
  14.000     4.115e+04     3.802e+04     3.480e+04     3.155e+04     2.829e+04     2.508e+04     2.195e+04     1.892e+04     1.602e+04     1.327e+04     1.066e+04     8.206e+03     5.936e+03     3.926e+03     2.293e+03     1.141e+03     4.678e+02     1.546e+02     4.083e+01     8.665e+00     1.497e+00  
  14.500     3.205e+04     2.931e+04     2.651e+04     2.370e+04     2.093e+04     1.824e+04     1.567e+04     1.325e+04     1.100e+04     8.905e+03     6.962e+03     5.168e+03     3.556e+03     2.198e+03     1.179e+03     5.309e+02     1.959e+02     5.842e+01     1.408e+01     2.763e+00     4.457e-01  
  15.000     2.486e+04     2.240e+04     1.992e+04     1.747e+04     1.509e+04     1.285e+04     1.079e+04     8.922e+03     7.239e+03     5.718e+03     4.338e+03     3.094e+03     2.019e+03     1.167e+03     5.774e+02     2.381e+02     8.031e+01     2.201e+01     4.910e+00     8.980e-01     1.352e-01  
  15.500     1.907e+04     1.682e+04     1.459e+04     1.244e+04     1.044e+04     8.650e+03     7.085e+03     5.737e+03     4.568e+03     3.535e+03     2.611e+03     1.795e+03     1.114e+03     6.042e+02     2.778e+02     1.058e+02     3.295e+01     8.359e+00     1.733e+00     2.952e-01     4.131e-02  
  16.000     1.428e+04     1.220e+04     1.021e+04     8.398e+03     6.823e+03     5.512e+03     4.445e+03     3.566e+03     2.817e+03     2.152e+03     1.554e+03     1.031e+03     6.094e+02     3.107e+02     1.331e+02     4.698e+01     1.355e+01     3.188e+00     6.142e-01     9.712e-02     1.259e-02  
  16.500     1.021e+04     8.345e+03     6.677e+03     5.290e+03     4.203e+03     3.376e+03     2.736e+03     2.209e+03     1.744e+03     1.318e+03     9.284e+02     5.927e+02     3.324e+02     1.591e+02     6.344e+01     2.077e+01     5.553e+00     1.212e+00     2.167e-01     3.176e-02     3.808e-03  
  17.000     6.763e+03     5.233e+03     4.025e+03     3.143e+03     2.523e+03     2.072e+03     1.713e+03     1.395e+03     1.097e+03     8.141e+02     5.563e+02     3.399e+02     1.803e+02     8.078e+01     2.997e+01     9.104e+00     2.255e+00     4.565e-01     7.567e-02     1.027e-02     1.137e-03  
  17.500     4.026e+03     2.999e+03     2.308e+03     1.861e+03     1.556e+03     1.318e+03     1.104e+03     8.983e+02     6.969e+02     5.046e+02     3.324e+02     1.935e+02     9.674e+01     4.051e+01     1.397e+01     3.935e+00     9.038e-01     1.696e-01     2.607e-02     3.277e-03     3.344e-04  
  18.000     2.185e+03     1.668e+03     1.361e+03     1.163e+03     1.008e+03     8.656e+02     7.249e+02     5.835e+02     4.436e+02     3.117e+02     1.971e+02     1.089e+02     5.114e+01     1.998e+01     6.402e+00     1.672e+00     3.562e-01     6.200e-02     8.835e-03     1.027e-03     9.644e-05  
  18.500     1.191e+03     9.912e+02     8.664e+02     7.669e+02     6.727e+02     5.772e+02     4.790e+02     3.792e+02     2.812e+02     1.909e+02     1.154e+02     6.029e+01     2.655e+01     9.667e+00     2.877e+00     6.971e-01     1.378e-01     2.226e-02     2.940e-03     3.159e-04     2.718e-05  
  19.000     7.207e+02     6.442e+02     5.807e+02     5.184e+02     4.538e+02     3.862e+02     3.161e+02     2.452e+02     1.768e+02     1.155e+02     6.647e+01     3.277e+01     1.351e+01     4.580e+00     1.266e+00     2.847e-01     5.225e-02     7.837e-03     9.596e-04     9.501e-05     7.448e-06  
  19.500     4.779e+02     4.373e+02     3.962e+02     3.527e+02     3.065e+02     2.578e+02     2.075e+02     1.572e+02     1.098e+02     6.881e+01     3.762e+01     1.745e+01     6.725e+00     2.122e+00     5.448e-01     1.138e-01     1.941e-02     2.704e-03     3.064e-04     2.784e-05     1.972e-06  
  20.000     3.274e+02     3.002e+02     2.711e+02     2.397e+02     2.063e+02     1.711e+02     1.351e+02     9.971e+01     6.723e+01     4.030e+01     2.086e+01     9.091e+00     3.270e+00     9.600e-01     2.291e-01     4.450e-02     7.054e-03     9.122e-04     9.543e-05     7.904e-06     5.000e-07  
  20.500     2.256e+02     2.062e+02     1.850e+02     1.622e+02     1.379e+02     1.126e+02     8.701e+01     6.238e+01     4.050e+01     2.314e+01     1.132e+01     4.624e+00     1.552e+00     4.239e-01     9.406e-02     1.699e-02     2.505e-03     3.003e-04     2.885e-05     2.156e-06     1.202e-07  
  21.000     1.552e+02     1.410e+02     1.256e+02     1.090e+02     9.148e+01     7.336e+01     5.534e+01     3.844e+01     2.395e+01     1.301e+01     5.998e+00     2.294e+00     7.176e-01     1.824e-01     3.766e-02     6.335e-03     8.688e-04     9.655e-05     8.524e-06     5.774e-07     2.866e-08  
  21.500     1.062e+02     9.585e+01     8.463e+01     7.264e+01     6.005e+01     4.722e+01     3.469e+01     2.328e+01     1.388e+01     7.150e+00     3.099e+00     1.108e+00     3.230e-01     7.640e-02     1.468e-02     2.299e-03     2.927e-04     2.993e-05     2.390e-06     1.428e-07     6.085e-09  
  22.000     7.217e+01     6.464e+01     5.653e+01     4.791e+01     3.896e+01     2.997e+01     2.140e+01     1.383e+01     7.868e+00     3.832e+00     1.559e+00     5.203e-01     1.412e-01     3.109e-02     5.564e-03     8.101e-04     9.537e-05     8.894e-06     6.332e-07     3.282e-08     1.181e-09  
  22.500     4.863e+01     4.319e+01     3.737e+01     3.124e+01     2.495e+01     1.874e+01     1.296e+01     8.040e+00     4.351e+00     1.998e+00     7.610e-01     2.369e-01     5.986e-02     1.227e-02     2.044e-03     2.768e-04     3.012e-05     2.564e-06     1.637e-07     7.465e-09     2.324e-10  
  23.000     3.245e+01     2.856e+01     2.441e+01     2.010e+01     1.573e+01     1.151e+01     7.686e+00     4.564e+00     2.341e+00     1.011e+00     3.598e-01     1.043e-01     2.452e-02     4.677e-03     7.245e-04     9.068e-05     8.995e-06     6.818e-07     3.766e-08     1.445e-09     3.697e-11  
  23.500     2.141e+01     1.865e+01     1.574e+01     1.274e+01     9.752e+00     6.926e+00     4.453e+00     2.521e+00     1.222e+00     4.945e-01     1.642e-01     4.429e-02     9.679e-03     1.717e-03     2.471e-04     2.855e-05     2.581e-06     1.749e-07     8.462e-09     2.793e-10     6.061e-12  
  24.000     1.395e+01     1.201e+01     9.993e+00     7.938e+00     5.927e+00     4.074e+00     2.512e+00     1.351e+00     6.161e-01     2.330e-01     7.200e-02     1.804e-02     3.661e-03     6.024e-04     7.995e-05     8.395e-06     6.726e-07     3.920e-08     1.584e-09     4.260e-11     7.356e-13  
  24.500     8.957e+00     7.617e+00     6.234e+00     4.848e+00     3.520e+00     2.333e+00     1.374e+00     6.984e-01     2.986e-01     1.052e-01     3.018e-02     7.013e-03     1.320e-03     2.012e-04     2.456e-05     2.339e-06     1.664e-07     8.430e-09     2.903e-10     6.557e-12     9.391e-14  
  25.000     5.654e+00     4.741e+00     3.810e+00     2.893e+00     2.035e+00     1.295e+00     7.243e-01     3.465e-01     1.383e-01     4.523e-02     1.201e-02     2.581e-03     4.487e-04     6.272e-05     6.909e-06     5.776e-07     3.494e-08     1.459e-09     4.039e-11     7.197e-13     8.021e-15  
